# Blender v2.59 (sub 0) OBJ File: 'zombie.blend'
# www.blender.org
mtllib zombie_000084.mtl
o Cube.015_Cube.026
v -1.304721 -0.764957 1.274890
v -0.822656 -0.736950 1.500521
v -0.770033 -0.364833 1.341900
v -1.252098 -0.392841 1.116269
v -1.154659 -0.914909 0.972893
v -0.672594 -0.886902 1.198524
v -0.619971 -0.514785 1.039904
v -1.102036 -0.542793 0.814273
vn -0.406605 0.406307 0.818283
vn 0.406604 -0.406306 -0.818283
vn -0.129003 -0.912225 0.388850
vn 0.904451 0.052548 0.423329
vn 0.129003 0.912225 -0.388850
vn -0.904451 -0.052548 -0.423329
usemtl 
s off
f 1//1 2//1 3//1 4//1
f 5//2 8//2 7//2 6//2
f 1//3 5//3 6//3 2//3
f 2//4 6//4 7//4 3//4
f 3//5 7//5 8//5 4//5
f 5//6 1//6 4//6 8//6
o Cube.014_Cube.025
v -0.644811 -0.961241 1.154824
v -0.690805 -0.746532 0.858893
v -0.822486 -1.034508 0.670422
v -0.776492 -1.249217 0.966354
v 0.594235 -1.259942 0.745533
v 0.548241 -1.045233 0.449601
v 0.416561 -1.333209 0.261130
v 0.462555 -1.547918 0.557062
vn -0.925595 0.223136 0.305750
vn 0.925595 -0.223136 -0.305750
vn 0.357344 0.781485 0.511456
vn -0.124815 0.582659 -0.803075
vn -0.357344 -0.781485 -0.511456
vn 0.124815 -0.582659 0.803075
usemtl 
s off
f 9//7 10//7 11//7 12//7
f 13//8 16//8 15//8 14//8
f 9//9 13//9 14//9 10//9
f 10//10 14//10 15//10 11//10
f 11//11 15//11 16//11 12//11
f 13//12 9//12 12//12 16//12
o Cube.013_Cube.024
v -1.157422 -0.450605 1.460768
v -1.334033 -0.461154 1.137522
v -1.453143 -0.801448 1.213704
v -1.276531 -0.790900 1.536950
v -0.065114 -0.962798 0.880681
v -0.241726 -0.973347 0.557435
v -0.360835 -1.313641 0.633617
v -0.184223 -1.303092 0.956864
vn -0.815978 0.382619 0.433338
vn 0.815978 -0.382619 -0.433338
vn 0.323228 0.923463 -0.206737
vn -0.479273 -0.028626 -0.877199
vn -0.323228 -0.923463 0.206738
vn 0.479273 0.028626 0.877199
usemtl 
s off
f 17//13 18//13 19//13 20//13
f 21//14 24//14 23//14 22//14
f 17//15 21//15 22//15 18//15
f 18//16 22//16 23//16 19//16
f 19//17 23//17 24//17 20//17
f 21//18 17//18 20//18 24//18
o Cube.011_Cube.022
v -1.236743 -3.506751 0.416895
v -1.614962 -3.498429 0.792344
v -1.486248 -3.130915 0.913862
v -1.108029 -3.139237 0.538413
v -1.004239 -3.666798 0.654662
v -1.382459 -3.658476 1.030111
v -1.253744 -3.290962 1.151629
v -0.875525 -3.299284 0.776180
vn -0.629986 0.433660 -0.644248
vn 0.629986 -0.433660 0.644248
vn -0.315537 -0.900941 -0.297895
vn -0.709615 0.015614 0.704417
vn 0.315537 0.900941 0.297895
vn 0.709615 -0.015614 -0.704416
usemtl 
s off
f 25//19 26//19 27//19 28//19
f 29//20 32//20 31//20 30//20
f 25//21 29//21 30//21 26//21
f 26//22 30//22 31//22 27//22
f 27//23 31//23 32//23 28//23
f 29//24 25//24 28//24 32//24
o Cube.010_Cube.021
v -1.781727 -3.621785 0.228348
v -1.714847 -3.671191 0.587343
v -1.794600 -3.317091 0.650933
v -1.861479 -3.267685 0.291938
v -0.497587 -3.297614 0.033732
v -0.430707 -3.347020 0.392726
v -0.510460 -2.992919 0.456316
v -0.577339 -2.943514 0.097322
vn -0.959281 -0.242164 0.145383
vn 0.959281 0.242164 -0.145383
vn 0.216426 -0.960927 -0.172565
vn 0.181492 -0.134074 0.974210
vn -0.216426 0.960927 0.172565
vn -0.181492 0.134074 -0.974210
usemtl 
s off
f 33//25 34//25 35//25 36//25
f 37//26 40//26 39//26 38//26
f 33//27 37//27 38//27 34//27
f 34//28 38//28 39//28 35//28
f 35//29 39//29 40//29 36//29
f 37//30 33//30 36//30 40//30
o Cube.009_Cube.020
v -0.554217 -3.424217 -0.030382
v -0.499554 -3.475804 0.330370
v -0.676950 -3.160921 0.402277
v -0.731613 -3.109335 0.041525
v 0.602182 -2.754587 -0.109852
v 0.656845 -2.806173 0.250900
v 0.479449 -2.491291 0.322807
v 0.424786 -2.439705 -0.037945
vn -0.863856 -0.500229 0.059366
vn 0.863856 0.500229 -0.059366
vn 0.481402 -0.854502 -0.195135
vn 0.148341 -0.139990 0.978978
vn -0.481402 0.854502 0.195135
vn -0.148341 0.139990 -0.978978
usemtl 
s off
f 41//31 42//31 43//31 44//31
f 45//32 48//32 47//32 46//32
f 41//33 45//33 46//33 42//33
f 42//34 46//34 47//34 43//34
f 43//35 47//35 48//35 44//35
f 45//36 41//36 44//36 48//36
o Cube.008_Cube.019
v -1.146648 -2.706276 -0.331710
v -1.146648 -3.146121 -0.371087
v -1.588252 -3.146121 -0.371087
v -1.588252 -2.706276 -0.331710
v -1.146648 -2.849322 1.266119
v -1.146648 -3.289167 1.226742
v -1.588252 -3.289167 1.226742
v -1.588252 -2.849322 1.266119
vn 0.000000 0.089168 -0.996017
vn 0.000000 -0.089168 0.996017
vn 1.000000 -0.000000 0.000000
vn -0.000000 -0.996017 -0.089168
vn -1.000000 0.000000 -0.000000
vn 0.000000 0.996017 0.089169
usemtl 
s off
f 49//37 50//37 51//37 52//37
f 53//38 56//38 55//38 54//38
f 49//39 53//39 54//39 50//39
f 50//40 54//40 55//40 51//40
f 51//41 55//41 56//41 52//41
f 53//42 49//42 52//42 56//42
o Cube.007_Cube.018
v -1.146648 -2.841806 0.089277
v -1.146648 -3.276325 0.168064
v -1.588252 -3.276325 0.168064
v -1.588252 -2.841806 0.089277
v -1.146648 -2.555597 1.667759
v -1.146648 -2.990116 1.746545
v -1.588252 -2.990116 1.746545
v -1.588252 -2.555597 1.667759
vn 0.000000 -0.178410 -0.983956
vn 0.000000 0.178410 0.983956
vn -0.000000 -0.983956 0.178410
vn 0.000000 0.983956 -0.178410
usemtl 
s off
f 57//43 58//43 59//43 60//43
f 61//44 64//44 63//44 62//44
f 57//39 61//39 62//39 58//39
f 58//45 62//45 63//45 59//45
f 59//41 63//41 64//41 60//41
f 61//46 57//46 60//46 64//46
o Cube.006_Cube.017
v -1.146648 -2.711348 1.429256
v -1.146648 -2.286620 1.550173
v -1.588252 -2.286620 1.550173
v -1.588252 -2.711348 1.429256
v -1.146648 -2.272093 -0.113655
v -1.146648 -1.847365 0.007262
v -1.588252 -1.847365 0.007262
v -1.588252 -2.272093 -0.113655
vn 0.000000 -0.273812 0.961783
vn -0.000000 0.273812 -0.961783
vn -0.000000 0.961783 0.273812
vn 0.000001 -0.961783 -0.273812
usemtl 
s off
f 65//47 66//47 67//47 68//47
f 69//48 72//48 71//48 70//48
f 65//39 69//39 70//39 66//39
f 66//49 70//49 71//49 67//49
f 67//41 71//41 72//41 68//41
f 69//50 65//50 68//50 72//50
o Cube.005_Cube.016
v -0.427949 -3.632206 -1.778063
v -0.427949 -3.256963 -1.571145
v -0.990725 -3.256963 -1.571145
v -0.990725 -3.632206 -1.778063
v -0.427949 -3.025842 -2.877697
v -0.427950 -2.650599 -2.670779
v -0.990725 -2.650600 -2.670779
v -0.990725 -3.025842 -2.877697
vn 0.000000 -0.482875 0.875689
vn -0.000000 0.482875 -0.875689
vn -0.000000 0.875689 0.482875
vn 0.000000 -0.875689 -0.482875
usemtl 
s off
f 73//51 74//51 75//51 76//51
f 77//52 80//52 79//52 78//52
f 73//39 77//39 78//39 74//39
f 74//53 78//53 79//53 75//53
f 75//41 79//41 80//41 76//41
f 77//54 73//54 76//54 80//54
o Cube.004_Cube.015
v -0.448197 -2.723572 -2.651598
v -0.448197 -3.197083 -2.703605
v -0.970478 -3.197083 -2.703605
v -0.970478 -2.723572 -2.651598
v -0.448197 -2.975532 -0.357579
v -0.448197 -3.449043 -0.409586
v -0.970478 -3.449043 -0.409586
v -0.970478 -2.975532 -0.357579
vn -0.000000 0.109177 -0.994022
vn -0.000000 -0.109177 0.994022
vn -0.000000 -0.994022 -0.109177
vn 0.000000 0.994022 0.109177
usemtl 
s off
f 81//55 82//55 83//55 84//55
f 85//56 88//56 87//56 86//56
f 81//39 85//39 86//39 82//39
f 82//57 86//57 87//57 83//57
f 83//41 87//41 88//41 84//41
f 85//58 81//58 84//58 88//58
o Cube.003_Cube.014
v -0.307735 -2.370203 -1.421689
v -0.307735 -2.748902 -1.221168
v -0.870511 -2.748902 -1.221168
v -0.870511 -2.370203 -1.421689
v -0.307735 -1.782584 -0.311926
v -0.307735 -2.161283 -0.111405
v -0.870511 -2.161283 -0.111405
v -0.870511 -1.782584 -0.311926
vn 0.000000 -0.467948 -0.883756
vn 0.000000 0.467948 0.883756
vn -0.000000 -0.883756 0.467948
vn 0.000000 0.883756 -0.467948
usemtl 
s off
f 89//59 90//59 91//59 92//59
f 93//60 96//60 95//60 94//60
f 89//39 93//39 94//39 90//39
f 90//61 94//61 95//61 91//61
f 91//41 95//41 96//41 92//41
f 93//62 89//62 92//62 96//62
o Cube.002_Cube.013
v 1.409449 -2.847068 -0.353433
v 0.770600 -2.892436 0.934840
v 0.668688 -1.457360 0.934840
v 1.307536 -1.411992 -0.353433
v 2.694485 -2.755811 0.287025
v 2.055637 -2.801179 1.575298
v 1.953724 -1.366102 1.575297
v 2.592573 -1.320735 0.287024
vn -0.893198 -0.063431 -0.445167
vn 0.893198 0.063431 0.445167
vn 0.070837 -0.997488 0.000000
vn -0.444048 -0.031534 0.895448
vn -0.070837 0.997488 -0.000000
vn 0.444048 0.031534 -0.895448
usemtl 
s off
f 97//63 98//63 99//63 100//63
f 101//64 104//64 103//64 102//64
f 97//65 101//65 102//65 98//65
f 98//66 102//66 103//66 99//66
f 99//67 103//67 104//67 100//67
f 101//68 97//68 100//68 104//68
o Cube.001_Cube.012
v 0.888007 -2.333134 -0.059492
v 0.888007 -2.333134 0.390939
v 0.856100 -1.883835 0.390939
v 0.856100 -1.883835 -0.059492
v 1.366177 -2.299176 -0.059492
v 1.366177 -2.299176 0.390939
v 1.334270 -1.849877 0.390939
v 1.334270 -1.849877 -0.059492
vn -0.997488 -0.070837 0.000000
vn 0.997488 0.070837 -0.000000
vn -0.000000 0.000000 1.000000
vn 0.000000 -0.000000 -1.000000
usemtl 
s off
f 105//69 106//69 107//69 108//69
f 109//70 112//70 111//70 110//70
f 105//65 109//65 110//65 106//65
f 106//71 110//71 111//71 107//71
f 107//67 111//67 112//67 108//67
f 109//72 105//72 108//72 112//72
o Cube_Cube.011
v -1.519498 -2.789885 -0.557796
v -1.519498 -2.789885 0.751796
v -1.612265 -1.483582 0.751796
v -1.612265 -1.483582 -0.557796
v 1.056903 -2.606921 -0.557796
v 1.056903 -2.606920 0.751797
v 0.964136 -1.300618 0.751796
v 0.964136 -1.300619 -0.557796
usemtl 
s off
f 113//69 114//69 115//69 116//69
f 117//70 120//70 119//70 118//70
f 113//65 117//65 118//65 114//65
f 114//71 118//71 119//71 115//71
f 115//67 119//67 120//67 116//67
f 117//72 113//72 116//72 120//72
