# Blender v2.59 (sub 0) OBJ File: 'zombie.blend'
# www.blender.org
mtllib zombie_000081.mtl
o Cube.015_Cube.026
v -1.796726 -1.250010 1.351353
v -1.389665 -0.936719 1.493588
v -1.492908 -0.670369 1.202385
v -1.899969 -0.983660 1.060150
v -1.577557 -1.426296 1.112408
v -1.170496 -1.113005 1.254643
v -1.273739 -0.846655 0.963441
v -1.680800 -1.159946 0.821206
vn -0.593855 0.477661 0.647439
vn 0.593855 -0.477661 -0.647439
vn 0.253093 -0.652944 0.713869
vn 0.763728 0.587796 0.266861
vn -0.253093 0.652944 -0.713868
vn -0.763728 -0.587796 -0.266862
usemtl 
s off
f 1//1 2//1 3//1 4//1
f 5//2 8//2 7//2 6//2
f 1//3 5//3 6//3 2//3
f 2//4 6//4 7//4 3//4
f 3//5 7//5 8//5 4//5
f 5//6 1//6 4//6 8//6
o Cube.014_Cube.025
v -1.370178 -1.346084 1.095451
v -1.518023 -1.093475 0.871573
v -1.488688 -1.327347 0.588315
v -1.340843 -1.579956 0.812193
v -0.148635 -0.868498 0.827639
v -0.296481 -0.615889 0.603761
v -0.267146 -0.849761 0.320504
v -0.119300 -1.102370 0.544382
vn -0.912520 -0.356767 0.200061
vn 0.912520 0.356767 -0.200061
vn -0.079607 0.634660 0.768680
vn -0.401211 0.685510 -0.607541
vn 0.079607 -0.634660 -0.768680
vn 0.401211 -0.685510 0.607541
usemtl 
s off
f 9//7 10//7 11//7 12//7
f 13//8 16//8 15//8 14//8
f 9//9 13//9 14//9 10//9
f 10//10 14//10 15//10 11//10
f 11//11 15//11 16//11 12//11
f 13//12 9//12 12//12 16//12
o Cube.013_Cube.024
v -1.828400 -0.658926 1.254729
v -1.994784 -0.893624 1.024459
v -1.987246 -1.154354 1.284755
v -1.820862 -0.919656 1.515025
v -0.634289 -1.068762 0.809630
v -0.800673 -1.303460 0.579360
v -0.793135 -1.564190 0.839656
v -0.626751 -1.329492 1.069926
vn -0.892027 0.306157 0.332499
vn 0.892027 -0.306157 -0.332499
vn -0.020456 0.707547 -0.706370
vn -0.451518 -0.636903 -0.624888
vn 0.020456 -0.707547 0.706370
vn 0.451519 0.636903 0.624888
usemtl 
s off
f 17//13 18//13 19//13 20//13
f 21//14 24//14 23//14 22//14
f 17//15 21//15 22//15 18//15
f 18//16 22//16 23//16 19//16
f 19//17 23//17 24//17 20//17
f 21//18 17//18 20//18 24//18
o Cube.011_Cube.022
v -0.526970 -2.891243 0.415510
v -0.874837 -3.197616 0.678577
v -0.904291 -2.913834 0.970126
v -0.556424 -2.607461 0.707058
v -0.248626 -3.050248 0.598398
v -0.596493 -3.356621 0.861466
v -0.625947 -3.072839 1.153015
v -0.278080 -2.766466 0.889947
vn -0.754195 0.430836 -0.495551
vn 0.754195 -0.430836 0.495551
vn 0.072205 -0.695677 -0.714717
vn -0.652669 -0.574817 0.493567
vn -0.072205 0.695677 0.714717
vn 0.652669 0.574817 -0.493567
usemtl 
s off
f 25//19 26//19 27//19 28//19
f 29//20 32//20 31//20 30//20
f 25//21 29//21 30//21 26//21
f 26//22 30//22 31//22 27//22
f 27//23 31//23 32//23 28//23
f 29//24 25//24 28//24 32//24
o Cube.010_Cube.021
v -0.922634 -3.493384 0.139546
v -0.820742 -3.561541 0.487057
v -1.077542 -3.326763 0.608399
v -1.179434 -3.258606 0.260889
v -0.036799 -2.491750 0.076265
v 0.065093 -2.559908 0.423776
v -0.191707 -2.325130 0.545118
v -0.293599 -2.256972 0.197608
vn -0.661739 -0.748243 0.047272
vn 0.661739 0.748243 -0.047272
vn 0.696883 -0.637120 -0.329290
vn 0.276507 -0.184960 0.943045
vn -0.696883 0.637120 0.329289
vn -0.276507 0.184960 -0.943045
usemtl 
s off
f 33//25 34//25 35//25 36//25
f 37//26 40//26 39//26 38//26
f 33//27 37//27 38//27 34//27
f 34//28 38//28 39//28 35//28
f 35//29 39//29 40//29 36//29
f 37//30 33//30 36//30 40//30
o Cube.009_Cube.020
v -0.201302 -2.946870 -0.072307
v -0.109759 -2.985062 0.282590
v -0.430262 -2.832578 0.381672
v -0.521806 -2.794386 0.026774
v 0.369488 -1.736131 -0.089247
v 0.461031 -1.774323 0.265651
v 0.140527 -1.621838 0.364732
v 0.048984 -1.583647 0.009834
vn -0.426393 -0.904450 0.012654
vn 0.426393 0.904450 -0.012654
vn 0.869756 -0.413799 -0.268878
vn 0.248423 -0.103642 0.963091
vn -0.869756 0.413799 0.268878
vn -0.248423 0.103642 -0.963091
usemtl 
s off
f 41//31 42//31 43//31 44//31
f 45//32 48//32 47//32 46//32
f 41//33 45//33 46//33 42//33
f 42//34 46//34 47//34 43//34
f 43//35 47//35 48//35 44//35
f 45//36 41//36 44//36 48//36
o Cube.008_Cube.019
v -1.146648 -2.706276 -0.331710
v -1.146648 -3.146121 -0.371087
v -1.588252 -3.146121 -0.371087
v -1.588252 -2.706276 -0.331710
v -1.146648 -2.849322 1.266119
v -1.146648 -3.289167 1.226742
v -1.588252 -3.289167 1.226742
v -1.588252 -2.849322 1.266119
vn 0.000000 0.089168 -0.996017
vn 0.000000 -0.089168 0.996017
vn 1.000000 -0.000000 0.000000
vn -0.000000 -0.996017 -0.089168
vn -1.000000 0.000000 -0.000000
vn 0.000000 0.996017 0.089169
usemtl 
s off
f 49//37 50//37 51//37 52//37
f 53//38 56//38 55//38 54//38
f 49//39 53//39 54//39 50//39
f 50//40 54//40 55//40 51//40
f 51//41 55//41 56//41 52//41
f 53//42 49//42 52//42 56//42
o Cube.007_Cube.018
v -1.146648 -2.841806 0.089277
v -1.146648 -3.276325 0.168064
v -1.588252 -3.276325 0.168064
v -1.588252 -2.841806 0.089277
v -1.146648 -2.555597 1.667759
v -1.146648 -2.990116 1.746545
v -1.588252 -2.990116 1.746545
v -1.588252 -2.555597 1.667759
vn 0.000000 -0.178410 -0.983956
vn 0.000000 0.178410 0.983956
vn -0.000000 -0.983956 0.178410
vn 0.000000 0.983956 -0.178410
usemtl 
s off
f 57//43 58//43 59//43 60//43
f 61//44 64//44 63//44 62//44
f 57//39 61//39 62//39 58//39
f 58//45 62//45 63//45 59//45
f 59//41 63//41 64//41 60//41
f 61//46 57//46 60//46 64//46
o Cube.006_Cube.017
v -1.146648 -2.711348 1.429256
v -1.146648 -2.286620 1.550173
v -1.588252 -2.286620 1.550173
v -1.588252 -2.711348 1.429256
v -1.146648 -2.272093 -0.113655
v -1.146648 -1.847365 0.007262
v -1.588252 -1.847365 0.007262
v -1.588252 -2.272093 -0.113655
vn 0.000000 -0.273812 0.961783
vn -0.000000 0.273812 -0.961783
vn -0.000000 0.961783 0.273812
vn 0.000001 -0.961783 -0.273812
usemtl 
s off
f 65//47 66//47 67//47 68//47
f 69//48 72//48 71//48 70//48
f 65//39 69//39 70//39 66//39
f 66//49 70//49 71//49 67//49
f 67//41 71//41 72//41 68//41
f 69//50 65//50 68//50 72//50
o Cube.005_Cube.016
v -0.427949 -3.632206 -1.778063
v -0.427949 -3.256963 -1.571145
v -0.990725 -3.256963 -1.571145
v -0.990725 -3.632206 -1.778063
v -0.427949 -3.025842 -2.877697
v -0.427950 -2.650599 -2.670779
v -0.990725 -2.650600 -2.670779
v -0.990725 -3.025842 -2.877697
vn 0.000000 -0.482875 0.875689
vn -0.000000 0.482875 -0.875689
vn -0.000000 0.875689 0.482875
vn 0.000000 -0.875689 -0.482875
usemtl 
s off
f 73//51 74//51 75//51 76//51
f 77//52 80//52 79//52 78//52
f 73//39 77//39 78//39 74//39
f 74//53 78//53 79//53 75//53
f 75//41 79//41 80//41 76//41
f 77//54 73//54 76//54 80//54
o Cube.004_Cube.015
v -0.448197 -2.723572 -2.651598
v -0.448197 -3.197083 -2.703605
v -0.970478 -3.197083 -2.703605
v -0.970478 -2.723572 -2.651598
v -0.448197 -2.975532 -0.357579
v -0.448197 -3.449043 -0.409586
v -0.970478 -3.449043 -0.409586
v -0.970478 -2.975532 -0.357579
vn -0.000000 0.109177 -0.994022
vn -0.000000 -0.109177 0.994022
vn -0.000000 -0.994022 -0.109177
vn 0.000000 0.994022 0.109177
usemtl 
s off
f 81//55 82//55 83//55 84//55
f 85//56 88//56 87//56 86//56
f 81//39 85//39 86//39 82//39
f 82//57 86//57 87//57 83//57
f 83//41 87//41 88//41 84//41
f 85//58 81//58 84//58 88//58
o Cube.003_Cube.014
v -0.307735 -2.370203 -1.421689
v -0.307735 -2.748902 -1.221168
v -0.870511 -2.748902 -1.221168
v -0.870511 -2.370203 -1.421689
v -0.307735 -1.782584 -0.311926
v -0.307735 -2.161283 -0.111405
v -0.870511 -2.161283 -0.111405
v -0.870511 -1.782584 -0.311926
vn 0.000000 -0.467948 -0.883756
vn 0.000000 0.467948 0.883756
vn -0.000000 -0.883756 0.467948
vn 0.000000 0.883756 -0.467948
usemtl 
s off
f 89//59 90//59 91//59 92//59
f 93//60 96//60 95//60 94//60
f 89//39 93//39 94//39 90//39
f 90//61 94//61 95//61 91//61
f 91//41 95//41 96//41 92//41
f 93//62 89//62 92//62 96//62
o Cube.002_Cube.013
v 0.854579 -1.862761 -0.353433
v 0.356931 -2.265912 0.934840
v -0.548689 -1.148019 0.934840
v -0.051040 -0.744868 -0.353433
v 1.855594 -1.051826 0.287025
v 1.357945 -1.454977 1.575297
v 0.452326 -0.337084 1.575297
v 0.949975 0.066067 0.287025
vn -0.695782 -0.563662 -0.445167
vn 0.695782 0.563662 0.445167
vn 0.629475 -0.777021 0.000000
vn -0.345904 -0.280221 0.895448
vn -0.629475 0.777021 -0.000000
vn 0.345904 0.280221 -0.895448
usemtl 
s off
f 97//63 98//63 99//63 100//63
f 101//64 104//64 103//64 102//64
f 97//65 101//65 102//65 98//65
f 98//66 102//66 103//66 99//66
f 99//67 103//67 104//67 100//67
f 101//68 97//68 100//68 104//68
o Cube.001_Cube.012
v 0.261838 -1.624133 -0.059492
v 0.261838 -1.624133 0.390939
v -0.021697 -1.274139 0.390939
v -0.021697 -1.274139 -0.059492
v 0.634322 -1.322380 -0.059492
v 0.634322 -1.322380 0.390939
v 0.350787 -0.972385 0.390939
v 0.350787 -0.972386 -0.059492
vn -0.777021 -0.629475 -0.000000
vn 0.777021 0.629475 0.000000
vn -0.000000 0.000000 1.000000
vn 0.000000 -0.000000 -1.000000
usemtl 
s off
f 105//69 106//69 107//69 108//69
f 109//70 112//70 111//70 110//70
f 105//65 109//65 110//65 106//65
f 106//71 110//71 111//71 107//71
f 107//67 111//67 112//67 108//67
f 109//72 105//72 108//72 112//72
o Cube_Cube.011
v -1.139601 -3.081057 -0.557796
v -1.139601 -3.081057 0.751796
v -1.963956 -2.063476 0.751796
v -1.963956 -2.063476 -0.557796
v 0.867359 -1.455194 -0.557796
v 0.867358 -1.455193 0.751797
v 0.043003 -0.437612 0.751796
v 0.043003 -0.437613 -0.557796
usemtl 
s off
f 113//69 114//69 115//69 116//69
f 117//70 120//70 119//70 118//70
f 113//65 117//65 118//65 114//65
f 114//71 118//71 119//71 115//71
f 115//67 119//67 120//67 116//67
f 117//72 113//72 116//72 120//72
