# Blender v2.59 (sub 0) OBJ File: 'zombie.blend'
# www.blender.org
mtllib zombie_000022.mtl
o Cube.015_Cube.026
v -2.299963 0.025938 1.841384
v -2.331686 0.451783 2.160335
v -2.724102 0.498350 2.059133
v -2.692379 0.072505 1.740181
v -2.201597 0.243845 1.560231
v -2.233320 0.669690 1.879182
v -2.625735 0.716257 1.777979
v -2.594012 0.290411 1.459028
vn -0.266532 -0.590435 0.761805
vn 0.266532 0.590435 -0.761805
vn 0.961987 -0.114156 0.248092
vn -0.059518 0.798971 0.598416
vn -0.961987 0.114156 -0.248093
vn 0.059518 -0.798971 -0.598416
usemtl 
s off
f 1//1 2//1 3//1 4//1
f 5//2 8//2 7//2 6//2
f 1//3 5//3 6//3 2//3
f 2//4 6//4 7//4 3//4
f 3//5 7//5 8//5 4//5
f 5//6 1//6 4//6 8//6
o Cube.014_Cube.025
v -2.201827 1.499812 0.851187
v -2.371061 1.371777 0.549925
v -2.058103 1.209071 0.443271
v -1.888870 1.337106 0.744532
v -1.853228 2.607192 0.184729
v -2.022461 2.479157 -0.116532
v -1.709503 2.316451 -0.223187
v -1.540270 2.444486 0.078075
vn -0.260412 -0.827238 0.497859
vn 0.260412 0.827238 -0.497859
vn -0.849279 0.441538 0.289430
vn -0.459251 -0.347450 -0.817537
vn 0.849279 -0.441538 -0.289430
vn 0.459251 0.347450 0.817537
usemtl 
s off
f 9//7 10//7 11//7 12//7
f 13//8 16//8 15//8 14//8
f 9//9 13//9 14//9 10//9
f 10//10 14//10 15//10 11//10
f 11//11 15//11 16//11 12//11
f 13//12 9//12 12//12 16//12
o Cube.013_Cube.024
v -2.506896 0.511349 1.653695
v -2.522784 0.278713 1.368354
v -2.161637 0.213402 1.401492
v -2.145748 0.446038 1.686833
v -2.247183 1.522040 0.815225
v -2.263071 1.289404 0.529885
v -1.901924 1.224093 0.563023
v -1.886035 1.456729 0.848363
vn -0.194011 -0.755009 0.626355
vn 0.194011 0.755009 -0.626355
vn -0.980051 0.177235 -0.089928
vn -0.043116 -0.631307 -0.774333
vn 0.980051 -0.177236 0.089928
vn 0.043116 0.631307 0.774333
usemtl 
s off
f 17//13 18//13 19//13 20//13
f 21//14 24//14 23//14 22//14
f 17//15 21//15 22//15 18//15
f 18//16 22//16 23//16 19//16
f 19//17 23//17 24//17 20//17
f 21//18 17//18 20//18 24//18
o Cube.011_Cube.022
v 0.666769 0.332393 -2.214017
v 0.635046 0.076798 -1.747385
v 0.242630 0.183564 -1.715581
v 0.274353 0.439159 -2.182214
v 0.765135 0.641509 -2.038013
v 0.733413 0.385914 -1.571381
v 0.340997 0.492680 -1.539578
v 0.372720 0.748275 -2.006210
vn -0.266532 -0.837575 -0.476896
vn 0.266532 0.837575 0.476896
vn 0.961987 -0.261731 -0.077964
vn -0.059518 -0.479547 0.875495
vn -0.961987 0.261731 0.077964
vn 0.059518 0.479547 -0.875495
usemtl 
s off
f 25//19 26//19 27//19 28//19
f 29//20 32//20 31//20 30//20
f 25//21 29//21 30//21 26//21
f 26//22 30//22 31//22 27//22
f 27//23 31//23 32//23 28//23
f 29//24 25//24 28//24 32//24
o Cube.010_Cube.021
v 0.698116 0.693940 -1.896958
v 0.714016 0.475792 -1.600394
v 0.352821 0.409102 -1.630086
v 0.336921 0.627250 -1.926649
v 0.439291 1.745263 -1.109743
v 0.455190 1.527116 -0.813180
v 0.093995 1.460425 -0.842872
v 0.078096 1.678573 -1.139435
vn 0.193349 -0.785362 -0.588067
vn -0.193349 0.785362 0.588067
vn 0.980181 0.180978 0.080575
vn 0.043147 -0.591991 0.804789
vn -0.980181 -0.180978 -0.080575
vn -0.043147 0.591991 -0.804789
usemtl 
s off
f 33//25 34//25 35//25 36//25
f 37//26 40//26 39//26 38//26
f 33//27 37//27 38//27 34//27
f 34//28 38//28 39//28 35//28
f 35//29 39//29 40//29 36//29
f 37//30 33//30 36//30 40//30
o Cube.009_Cube.020
v 0.424601 1.798931 -1.122328
v 0.461228 1.528200 -0.875035
v 0.133287 1.392841 -0.974651
v 0.096660 1.663573 -1.221944
v -0.171248 2.562436 -0.198206
v -0.134621 2.291705 0.049087
v -0.462563 2.156346 -0.050529
v -0.499190 2.427078 -0.297822
vn 0.445113 -0.570355 -0.690340
vn -0.445113 0.570355 0.690340
vn 0.889941 0.367324 0.270329
vn 0.099395 -0.734689 0.671083
vn -0.889941 -0.367324 -0.270329
vn -0.099395 0.734689 -0.671083
usemtl 
s off
f 41//31 42//31 43//31 44//31
f 45//32 48//32 47//32 46//32
f 41//33 45//33 46//33 42//33
f 42//34 46//34 47//34 43//34
f 43//35 47//35 48//35 44//35
f 45//36 41//36 44//36 48//36
o Cube.008_Cube.019
v -1.146648 -2.757209 -1.183517
v -1.146648 -3.189335 -1.274516
v -1.588252 -3.189335 -1.274516
v -1.588252 -2.757208 -1.183517
v -1.146648 -3.087785 0.386273
v -1.146648 -3.519911 0.295273
v -1.588252 -3.519911 0.295273
v -1.588252 -3.087785 0.386273
vn 0.000000 0.206067 -0.978538
vn -0.000000 -0.206067 0.978538
vn 1.000000 -0.000000 0.000000
vn -0.000000 -0.978538 -0.206067
vn -1.000000 0.000000 0.000000
vn 0.000001 0.978538 0.206067
usemtl 
s off
f 49//37 50//37 51//37 52//37
f 53//38 56//38 55//38 54//38
f 49//39 53//39 54//39 50//39
f 50//40 54//40 55//40 51//40
f 51//41 55//41 56//41 52//41
f 53//42 49//42 52//42 56//42
o Cube.007_Cube.018
v -1.146648 -2.917731 -0.959155
v -1.146648 -3.010643 -0.527436
v -1.588252 -3.010643 -0.527436
v -1.588252 -2.917731 -0.959155
v -1.146648 -1.349421 -0.621631
v -1.146648 -1.442333 -0.189911
v -1.588252 -1.442333 -0.189912
v -1.588252 -1.349421 -0.621631
vn 0.000000 -0.977616 -0.210398
vn -0.000000 0.977616 0.210398
vn -0.000000 -0.210398 0.977616
vn 0.000000 0.210398 -0.977616
usemtl 
s off
f 57//43 58//43 59//43 60//43
f 61//44 64//44 63//44 62//44
f 57//39 61//39 62//39 58//39
f 58//45 62//45 63//45 59//45
f 59//41 63//41 64//41 60//41
f 61//46 57//46 60//46 64//46
o Cube.006_Cube.017
v -1.146648 -1.337755 -0.559227
v -1.146648 -1.401880 -0.122304
v -1.588252 -1.401880 -0.122304
v -1.588252 -1.337755 -0.559227
v -1.146648 0.249461 -0.326279
v -1.146648 0.185336 0.110644
v -1.588252 0.185336 0.110644
v -1.588252 0.249461 -0.326279
vn 0.000000 -0.989401 -0.145210
vn -0.000000 0.989401 0.145210
vn -0.000000 -0.145210 0.989401
vn 0.000000 0.145210 -0.989401
usemtl 
s off
f 65//47 66//47 67//47 68//47
f 69//48 72//48 71//48 70//48
f 65//39 69//39 70//39 66//39
f 66//49 70//49 71//49 67//49
f 67//41 71//41 72//41 68//41
f 69//50 65//50 68//50 72//50
o Cube.005_Cube.016
v -0.427949 -2.264251 -1.106068
v -0.427949 -2.077093 -0.720590
v -0.990725 -2.077093 -0.720590
v -0.990725 -2.264251 -1.106068
v -0.427949 -1.134621 -1.654527
v -0.427950 -0.947463 -1.269049
v -0.990725 -0.947463 -1.269049
v -0.990725 -1.134621 -1.654527
vn -0.000000 -0.899577 0.436763
vn -0.000000 0.899577 -0.436763
vn -0.000000 0.436763 0.899576
vn 0.000000 -0.436763 -0.899577
usemtl 
s off
f 73//51 74//51 75//51 76//51
f 77//52 80//52 79//52 78//52
f 73//39 77//39 78//39 74//39
f 74//53 78//53 79//53 75//53
f 75//41 79//41 80//41 76//41
f 77//54 73//54 76//54 80//54
o Cube.004_Cube.015
v -0.448197 -1.423095 -1.497185
v -0.448197 -1.868273 -1.327674
v -0.970478 -1.868273 -1.327674
v -0.970478 -1.423095 -1.497185
v -0.448197 -0.601862 0.659568
v -0.448197 -1.047040 0.829079
v -0.970478 -1.047040 0.829079
v -0.970478 -0.601862 0.659568
vn 0.000000 -0.355849 -0.934544
vn 0.000000 0.355849 0.934543
vn -0.000000 -0.934543 0.355849
vn 0.000000 0.934543 -0.355849
usemtl 
s off
f 81//55 82//55 83//55 84//55
f 85//56 88//56 87//56 86//56
f 81//39 85//39 86//39 82//39
f 82//57 86//57 87//57 83//57
f 83//41 87//41 88//41 84//41
f 85//58 81//58 84//58 88//58
o Cube.003_Cube.014
v -0.427949 -1.033411 0.103551
v -0.427949 -0.881411 0.504198
v -0.990725 -0.881411 0.504198
v -0.990725 -1.033411 0.103551
v -0.427949 0.140669 -0.341879
v -0.427950 0.292669 0.058767
v -0.990725 0.292669 0.058767
v -0.990725 0.140669 -0.341879
vn 0.000000 -0.934974 0.354717
vn 0.000000 0.934974 -0.354717
vn -0.000000 0.354717 0.934974
vn 0.000000 -0.354717 -0.934974
usemtl 
s off
f 89//59 90//59 91//59 92//59
f 93//60 96//60 95//60 94//60
f 89//39 93//39 94//39 90//39
f 90//61 94//61 95//61 91//61
f 91//41 95//41 96//41 92//41
f 93//62 89//62 92//62 96//62
o Cube.002_Cube.013
v -0.269446 3.147572 -0.735888
v -0.269446 3.147572 0.702803
v -1.708137 3.147572 0.702802
v -1.708137 3.147572 -0.735889
v -0.269445 4.586263 -0.735888
v -0.269446 4.586263 0.702803
v -1.708137 4.586263 0.702802
v -1.708136 4.586263 -0.735889
vn 0.000000 -1.000000 0.000000
vn 0.000000 1.000000 0.000000
vn -0.000000 0.000000 1.000000
vn 0.000000 0.000000 -1.000000
usemtl 
s off
f 97//63 98//63 99//63 100//63
f 101//64 104//64 103//64 102//64
f 97//39 101//39 102//39 98//39
f 98//65 102//65 103//65 99//65
f 99//41 103//41 104//41 100//41
f 101//66 97//66 100//66 104//66
o Cube.001_Cube.012
v -0.763576 2.733825 -0.447929
v -0.763576 2.733825 0.002502
v -1.214007 2.733825 0.002502
v -1.214006 2.733825 -0.447929
v -0.763576 3.213199 -0.447929
v -0.763576 3.213199 0.002502
v -1.214007 3.213199 0.002502
v -1.214006 3.213199 -0.447929
usemtl 
s off
f 105//63 106//63 107//63 108//63
f 109//64 112//64 111//64 110//64
f 105//39 109//39 110//39 106//39
f 106//65 110//65 111//65 107//65
f 107//41 111//41 112//41 108//41
f 109//66 105//66 108//66 112//66
o Cube_Cube.011
v -0.333995 0.170151 -0.946233
v -0.333995 0.170151 0.363359
v -1.643587 0.170151 0.363359
v -1.643587 0.170151 -0.946233
v -0.333995 2.753040 -0.946233
v -0.333995 2.753040 0.363360
v -1.643588 2.753040 0.363359
v -1.643587 2.753040 -0.946233
usemtl 
s off
f 113//63 114//63 115//63 116//63
f 117//64 120//64 119//64 118//64
f 113//39 117//39 118//39 114//39
f 114//65 118//65 119//65 115//65
f 115//41 119//41 120//41 116//41
f 117//66 113//66 116//66 120//66
