# Blender v2.59 (sub 0) OBJ File: 'zombie.blend'
# www.blender.org
mtllib zombie_000034.mtl
o Cube.015_Cube.026
v -2.299963 -0.192412 0.428102
v -2.331686 0.295472 0.640335
v -2.724102 0.317464 0.531125
v -2.692379 -0.170421 0.318892
v -2.201597 -0.045161 0.104301
v -2.233320 0.442724 0.316534
v -2.625735 0.464715 0.207324
v -2.594012 -0.023169 -0.004909
vn -0.266532 -0.398989 0.877365
vn 0.266532 0.398989 -0.877365
vn 0.961987 -0.053911 0.267722
vn -0.059518 0.915370 0.398191
vn -0.961987 0.053912 -0.267722
vn 0.059518 -0.915370 -0.398191
usemtl 
s off
f 1//1 2//1 3//1 4//1
f 5//2 8//2 7//2 6//2
f 1//3 5//3 6//3 2//3
f 2//4 6//4 7//4 3//4
f 3//5 7//5 8//5 4//5
f 5//6 1//6 4//6 8//6
o Cube.014_Cube.025
v -2.201745 1.340024 0.389448
v -2.371176 1.418641 0.071795
v -2.058337 1.352613 -0.111409
v -1.888906 1.273996 0.206244
v -1.852993 2.625668 0.521619
v -2.022424 2.704285 0.203965
v -1.709586 2.638257 0.020761
v -1.540155 2.559640 0.338414
vn -0.260525 -0.960405 -0.098735
vn 0.260525 0.960405 0.098734
vn -0.848954 0.179181 0.497164
vn -0.459787 0.213345 -0.862021
vn 0.848954 -0.179181 -0.497164
vn 0.459787 -0.213345 0.862021
usemtl 
s off
f 9//7 10//7 11//7 12//7
f 13//8 16//8 15//8 14//8
f 9//9 13//9 14//9 10//9
f 10//10 14//10 15//10 11//10
f 11//11 15//11 16//11 12//11
f 13//12 9//12 12//12 16//12
o Cube.013_Cube.024
v -2.506708 0.323130 0.505554
v -2.522651 0.266020 0.141857
v -2.161488 0.192992 0.137491
v -2.145545 0.250101 0.501188
v -2.247331 1.618721 0.290743
v -2.263275 1.561612 -0.072954
v -1.902112 1.488583 -0.077319
v -1.886168 1.545693 0.286378
vn -0.193760 -0.967836 0.160468
vn 0.193760 0.967836 -0.160469
vn -0.980094 0.198179 0.011846
vn -0.043267 -0.154979 -0.986970
vn 0.980094 -0.198179 -0.011846
vn 0.043267 0.154979 0.986970
usemtl 
s off
f 17//13 18//13 19//13 20//13
f 21//14 24//14 23//14 22//14
f 17//15 21//15 22//15 18//15
f 18//16 22//16 23//16 19//16
f 19//17 23//17 24//17 20//17
f 21//18 17//18 20//18 24//18
o Cube.011_Cube.022
v 0.666769 0.389158 -1.334834
v 0.635046 0.006360 -0.965321
v 0.242630 0.098838 -0.903207
v 0.274353 0.481636 -1.272720
v 0.765135 0.631950 -1.074869
v 0.733413 0.249152 -0.705355
v 0.340997 0.341631 -0.643241
v 0.372720 0.724428 -1.012755
vn -0.266532 -0.657865 -0.704397
vn 0.266532 0.657865 0.704397
vn 0.961987 -0.226706 -0.152270
vn -0.059518 -0.718205 0.693281
vn -0.961987 0.226706 0.152269
vn 0.059518 0.718205 -0.693281
usemtl 
s off
f 25//19 26//19 27//19 28//19
f 29//20 32//20 31//20 30//20
f 25//21 29//21 30//21 26//21
f 26//22 30//22 31//22 27//22
f 27//23 31//23 32//23 28//23
f 29//24 25//24 28//24 32//24
o Cube.010_Cube.021
v 0.698354 0.503143 -0.892042
v 0.714298 0.486346 -0.524272
v 0.353134 0.414239 -0.511908
v 0.337190 0.431036 -0.879678
v 0.438977 1.814494 -0.820905
v 0.454921 1.797697 -0.453135
v 0.093758 1.725590 -0.440771
v 0.077814 1.742387 -0.808541
vn 0.193760 -0.979609 -0.053141
vn -0.193760 0.979609 0.053141
vn 0.980094 0.195676 -0.033553
vn 0.043267 -0.045582 0.998023
vn -0.980094 -0.195676 0.033553
vn -0.043267 0.045582 -0.998023
usemtl 
s off
f 33//25 34//25 35//25 36//25
f 37//26 40//26 39//26 38//26
f 33//27 37//27 38//27 34//27
f 34//28 38//28 39//28 35//28
f 35//29 39//29 40//29 36//29
f 37//30 33//30 36//30 40//30
o Cube.009_Cube.020
v 0.424602 1.627550 -0.951502
v 0.461230 1.524686 -0.599553
v 0.133288 1.357275 -0.614353
v 0.096661 1.460139 -0.966303
v -0.171250 2.760021 -0.558503
v -0.134622 2.657156 -0.206554
v -0.462564 2.489746 -0.221355
v -0.499191 2.592610 -0.573304
vn 0.445115 -0.845981 -0.293579
vn -0.445115 0.845981 0.293579
vn 0.889940 0.454306 0.040164
vn 0.099396 -0.279145 0.955091
vn -0.889940 -0.454306 -0.040164
vn -0.099396 0.279145 -0.955091
usemtl 
s off
f 41//31 42//31 43//31 44//31
f 45//32 48//32 47//32 46//32
f 41//33 45//33 46//33 42//33
f 42//34 46//34 47//34 43//34
f 43//35 47//35 48//35 44//35
f 45//36 41//36 44//36 48//36
o Cube.008_Cube.019
v -1.146648 -2.208086 -0.528338
v -1.146648 -2.631667 -0.653212
v -1.588252 -2.631667 -0.653212
v -1.588252 -2.208086 -0.528338
v -1.146648 -2.661714 1.010408
v -1.146648 -3.085295 0.885535
v -1.588252 -3.085295 0.885535
v -1.588252 -2.661714 1.010408
vn 0.000000 0.282772 -0.959187
vn 0.000000 -0.282772 0.959187
vn 1.000000 -0.000000 -0.000000
vn -0.000000 -0.959187 -0.282772
vn -1.000000 0.000000 0.000000
vn 0.000000 0.959187 0.282772
usemtl 
s off
f 49//37 50//37 51//37 52//37
f 53//38 56//38 55//38 54//38
f 49//39 53//39 54//39 50//39
f 50//40 54//40 55//40 51//40
f 51//41 55//41 56//41 52//41
f 53//42 49//42 52//42 56//42
o Cube.007_Cube.018
v -1.146648 -2.267731 -0.458132
v -1.146648 -2.493058 -0.078340
v -1.588252 -2.493058 -0.078340
v -1.588252 -2.267731 -0.458132
v -1.146648 -0.888057 0.360415
v -1.146648 -1.113384 0.740207
v -1.588252 -1.113384 0.740206
v -1.588252 -0.888057 0.360414
vn 0.000000 -0.860028 -0.510246
vn 0.000000 0.860028 0.510246
vn -0.000000 -0.510246 0.860028
vn 0.000000 0.510246 -0.860028
usemtl 
s off
f 57//43 58//43 59//43 60//43
f 61//44 64//44 63//44 62//44
f 57//39 61//39 62//39 58//39
f 58//45 62//45 63//45 59//45
f 59//41 63//41 64//41 60//41
f 61//46 57//46 60//46 64//46
o Cube.006_Cube.017
v -1.146648 -1.125059 -0.929240
v -1.146648 -1.258169 -0.508175
v -1.588252 -1.258169 -0.508175
v -1.588252 -1.125059 -0.929240
v -1.146648 0.404548 -0.445689
v -1.146648 0.271438 -0.024624
v -1.588252 0.271438 -0.024624
v -1.588252 0.404548 -0.445689
vn 0.000000 -0.953490 -0.301425
vn -0.000000 0.953490 0.301425
vn -0.000000 -0.301425 0.953490
vn 0.000000 0.301425 -0.953490
usemtl 
s off
f 65//47 66//47 67//47 68//47
f 69//48 72//48 71//48 70//48
f 65//39 69//39 70//39 66//39
f 66//49 70//49 71//49 67//49
f 67//41 71//41 72//41 68//41
f 69//50 65//50 68//50 72//50
o Cube.005_Cube.016
v -0.427949 -3.468701 -0.692479
v -0.427949 -3.066277 -0.545250
v -0.990725 -3.066277 -0.545250
v -0.990725 -3.468701 -0.692479
v -0.427949 -3.037250 -1.871768
v -0.427950 -2.634826 -1.724538
v -0.990725 -2.634826 -1.724538
v -0.990725 -3.037250 -1.871768
vn 0.000000 -0.343584 0.939122
vn 0.000000 0.343584 -0.939122
vn -0.000000 0.939122 0.343584
vn 0.000000 -0.939122 -0.343584
usemtl 
s off
f 73//51 74//51 75//51 76//51
f 77//52 80//52 79//52 78//52
f 73//39 77//39 78//39 74//39
f 74//53 78//53 79//53 75//53
f 75//41 79//41 80//41 76//41
f 77//54 73//54 76//54 80//54
o Cube.004_Cube.015
v -0.448197 -2.813083 -1.746936
v -0.448197 -3.010247 -1.313296
v -0.970478 -3.010247 -1.313296
v -0.970478 -2.813083 -1.746936
v -0.448197 -0.712227 -0.791735
v -0.448197 -0.909391 -0.358095
v -0.970478 -0.909390 -0.358095
v -0.970478 -0.712227 -0.791735
vn 0.000000 -0.910323 -0.413898
vn -0.000000 0.910323 0.413899
vn -0.000000 -0.413899 0.910323
vn 0.000000 0.413899 -0.910323
usemtl 
s off
f 81//55 82//55 83//55 84//55
f 85//56 88//56 87//56 86//56
f 81//39 85//39 86//39 82//39
f 82//57 86//57 87//57 83//57
f 83//41 87//41 88//41 84//41
f 85//58 81//58 84//58 88//58
o Cube.003_Cube.014
v -0.427949 -1.014098 0.379921
v -0.427949 -0.781740 0.739965
v -0.990725 -0.781740 0.739965
v -0.990725 -1.014098 0.379921
v -0.427949 0.040998 -0.300994
v -0.427950 0.273355 0.059050
v -0.990725 0.273355 0.059050
v -0.990725 0.040998 -0.300994
vn 0.000000 -0.840221 0.542244
vn -0.000000 0.840221 -0.542244
vn -0.000000 0.542244 0.840221
vn 0.000000 -0.542244 -0.840221
usemtl 
s off
f 89//59 90//59 91//59 92//59
f 93//60 96//60 95//60 94//60
f 89//39 93//39 94//39 90//39
f 90//61 94//61 95//61 91//61
f 91//41 95//41 96//41 92//41
f 93//62 89//62 92//62 96//62
o Cube.002_Cube.013
v -0.269446 3.228579 -0.735888
v -0.269446 3.228579 0.702803
v -1.708137 3.228579 0.702802
v -1.708137 3.228579 -0.735889
v -0.269445 4.667270 -0.735888
v -0.269446 4.667270 0.702803
v -1.708137 4.667270 0.702802
v -1.708136 4.667270 -0.735889
vn 0.000000 -1.000000 0.000000
vn 0.000000 1.000000 0.000000
vn -0.000000 0.000000 1.000000
vn 0.000000 0.000000 -1.000000
usemtl 
s off
f 97//63 98//63 99//63 100//63
f 101//64 104//64 103//64 102//64
f 97//39 101//39 102//39 98//39
f 98//65 102//65 103//65 99//65
f 99//41 103//41 104//41 100//41
f 101//66 97//66 100//66 104//66
o Cube.001_Cube.012
v -0.763576 2.814832 -0.447929
v -0.763576 2.814832 0.002502
v -1.214007 2.814832 0.002502
v -1.214006 2.814832 -0.447929
v -0.763576 3.294206 -0.447929
v -0.763576 3.294206 0.002502
v -1.214007 3.294206 0.002502
v -1.214006 3.294206 -0.447929
usemtl 
s off
f 105//63 106//63 107//63 108//63
f 109//64 112//64 111//64 110//64
f 105//39 109//39 110//39 106//39
f 106//65 110//65 111//65 107//65
f 107//41 111//41 112//41 108//41
f 109//66 105//66 108//66 112//66
o Cube_Cube.011
v -0.333995 0.251158 -0.946233
v -0.333995 0.251158 0.363359
v -1.643587 0.251158 0.363359
v -1.643587 0.251158 -0.946233
v -0.333995 2.834048 -0.946233
v -0.333995 2.834048 0.363360
v -1.643588 2.834048 0.363359
v -1.643587 2.834048 -0.946233
usemtl 
s off
f 113//63 114//63 115//63 116//63
f 117//64 120//64 119//64 118//64
f 113//39 117//39 118//39 114//39
f 114//65 118//65 119//65 115//65
f 115//41 119//41 120//41 116//41
f 117//66 113//66 116//66 120//66
