# Blender v2.59 (sub 0) OBJ File: 'zombie.blend'
# www.blender.org
mtllib zombie_000031.mtl
o Cube.015_Cube.026
v -2.299873 0.219062 1.811649
v -2.331581 0.703816 2.030941
v -2.724043 0.727329 1.922216
v -2.692335 0.242576 1.702924
v -2.201655 0.371004 1.489977
v -2.233363 0.855758 1.709269
v -2.625825 0.879272 1.600543
v -2.594117 0.394518 1.381251
vn -0.266129 -0.411699 0.871596
vn 0.266129 0.411699 -0.871596
vn 0.962100 -0.057643 0.266535
vn -0.059491 0.909495 0.411436
vn -0.962100 0.057643 -0.266535
vn 0.059491 -0.909495 -0.411436
usemtl 
s off
f 1//1 2//1 3//1 4//1
f 5//2 8//2 7//2 6//2
f 1//3 5//3 6//3 2//3
f 2//4 6//4 7//4 3//4
f 3//5 7//5 8//5 4//5
f 5//6 1//6 4//6 8//6
o Cube.014_Cube.025
v -2.201744 1.336788 0.671740
v -2.371176 1.257643 0.354218
v -2.058337 1.113569 0.223198
v -1.888906 1.192715 0.540720
v -1.852993 2.534866 0.187011
v -2.022424 2.455720 -0.130511
v -1.709586 2.311646 -0.261530
v -1.540155 2.390792 0.055991
vn -0.260525 -0.894991 0.362103
vn 0.260525 0.894991 -0.362103
vn -0.848953 0.390976 0.355550
vn -0.459787 -0.214779 -0.861664
vn 0.848953 -0.390976 -0.355550
vn 0.459787 0.214779 0.861664
usemtl 
s off
f 9//7 10//7 11//7 12//7
f 13//8 16//8 15//8 14//8
f 9//9 13//9 14//9 10//9
f 10//10 14//10 15//10 11//10
f 11//11 15//11 16//11 12//11
f 13//12 9//12 12//12 16//12
o Cube.013_Cube.024
v -2.507030 0.809329 1.584115
v -2.521492 0.505927 1.375479
v -2.160215 0.453896 1.426100
v -2.145752 0.757298 1.634737
v -2.248605 1.545174 0.496123
v -2.263067 1.241772 0.287486
v -1.901789 1.189740 0.338108
v -1.887327 1.493143 0.546744
vn -0.193049 -0.549693 0.812755
vn 0.193050 0.549693 -0.812755
vn -0.980404 0.141198 -0.137374
vn -0.039246 -0.823348 -0.566179
vn 0.980404 -0.141198 0.137373
vn 0.039247 0.823348 0.566179
usemtl 
s off
f 17//13 18//13 19//13 20//13
f 21//14 24//14 23//14 22//14
f 17//15 21//15 22//15 18//15
f 18//16 22//16 23//16 19//16
f 19//17 23//17 24//17 20//17
f 21//18 17//18 20//18 24//18
o Cube.011_Cube.022
v 0.666857 0.442809 -2.222028
v 0.635289 0.067068 -1.845328
v 0.242790 0.160432 -1.785093
v 0.274358 0.536174 -2.161793
v 0.764976 0.690558 -1.966686
v 0.733408 0.314817 -1.589987
v 0.340909 0.408182 -1.529752
v 0.372477 0.783923 -1.906451
vn -0.265861 -0.671295 -0.691867
vn 0.265861 0.671295 0.691867
vn 0.962190 -0.228879 -0.147664
vn -0.059228 -0.704966 0.706764
vn -0.962190 0.228879 0.147664
vn 0.059228 0.704966 -0.706764
usemtl 
s off
f 25//19 26//19 27//19 28//19
f 29//20 32//20 31//20 30//20
f 25//21 29//21 30//21 26//21
f 26//22 30//22 31//22 27//22
f 27//23 31//23 32//23 28//23
f 29//24 25//24 28//24 32//24
o Cube.010_Cube.021
v 0.698480 0.733921 -1.799637
v 0.714155 0.531809 -1.491909
v 0.352978 0.463641 -1.518284
v 0.337303 0.665753 -1.826012
v 0.439134 1.825519 -1.069480
v 0.454808 1.623408 -0.761752
v 0.093632 1.555240 -0.788127
v 0.077957 1.757352 -1.095855
vn 0.193738 -0.815449 -0.545444
vn -0.193737 0.815449 0.545444
vn 0.980131 0.184988 0.071574
vn 0.042536 -0.548473 0.835086
vn -0.980131 -0.184988 -0.071574
vn -0.042536 0.548473 -0.835086
usemtl 
s off
f 33//25 34//25 35//25 36//25
f 37//26 40//26 39//26 38//26
f 33//27 37//27 38//27 34//27
f 34//28 38//28 39//28 35//28
f 35//29 39//29 40//29 36//29
f 37//30 33//30 36//30 40//30
o Cube.009_Cube.020
v 0.424602 1.713245 -1.121733
v 0.461230 1.443334 -0.873545
v 0.133288 1.307646 -0.972713
v 0.096661 1.577557 -1.220901
v -0.171250 2.479803 -0.200144
v -0.134622 2.209892 0.048044
v -0.462564 2.074204 -0.051123
v -0.499191 2.344115 -0.299311
vn 0.445115 -0.572636 -0.688448
vn -0.445115 0.572636 0.688448
vn 0.889940 0.368219 0.269112
vn 0.099396 -0.732463 0.673512
vn -0.889940 -0.368219 -0.269112
vn -0.099396 0.732463 -0.673512
usemtl 
s off
f 41//31 42//31 43//31 44//31
f 45//32 48//32 47//32 46//32
f 41//33 45//33 46//33 42//33
f 42//34 46//34 47//34 43//34
f 43//35 47//35 48//35 44//35
f 45//36 41//36 44//36 48//36
o Cube.008_Cube.019
v -1.146648 -1.266402 -1.641794
v -1.146648 -1.297455 -2.082305
v -1.588252 -1.297455 -2.082305
v -1.588252 -1.266402 -1.641794
v -1.146648 -2.866650 -1.528985
v -1.146648 -2.897703 -1.969496
v -1.588252 -2.897703 -1.969496
v -1.588252 -2.866650 -1.528985
vn -0.000000 0.997524 -0.070320
vn 0.000000 -0.997524 0.070320
vn 1.000000 -0.000000 -0.000000
vn -0.000001 -0.070320 -0.997524
vn -1.000000 0.000000 0.000000
vn 0.000000 0.070320 0.997524
usemtl 
s off
f 49//37 50//37 51//37 52//37
f 53//38 56//38 55//38 54//38
f 49//39 53//39 54//39 50//39
f 50//40 54//40 55//40 51//40
f 51//41 55//41 56//41 52//41
f 53//42 49//42 52//42 56//42
o Cube.007_Cube.018
v -1.146648 -1.364359 -1.673889
v -1.146648 -1.779061 -1.522110
v -1.588252 -1.779061 -1.522110
v -1.588252 -1.364359 -1.673889
v -1.146648 -0.812994 -0.167397
v -1.146648 -1.227696 -0.015619
v -1.588252 -1.227696 -0.015619
v -1.588252 -0.812994 -0.167397
vn 0.000000 -0.343697 -0.939081
vn -0.000000 0.343697 0.939081
vn -0.000000 -0.939081 0.343697
vn 0.000000 0.939081 -0.343697
usemtl 
s off
f 57//43 58//43 59//43 60//43
f 61//44 64//44 63//44 62//44
f 57//39 61//39 62//39 58//39
f 58//45 62//45 63//45 59//45
f 59//41 63//41 64//41 60//41
f 61//46 57//46 60//46 64//46
o Cube.006_Cube.017
v -1.146648 -1.210887 -0.538614
v -1.146648 -1.256741 -0.099397
v -1.588252 -1.256741 -0.099397
v -1.588252 -1.210887 -0.538614
v -1.146648 0.384661 -0.372038
v -1.146648 0.338807 0.067179
v -1.588252 0.338807 0.067178
v -1.588252 0.384661 -0.372038
vn 0.000000 -0.994594 -0.103836
vn 0.000000 0.994594 0.103836
vn -0.000000 -0.103836 0.994594
vn 0.000000 0.103836 -0.994594
usemtl 
s off
f 65//47 66//47 67//47 68//47
f 69//48 72//48 71//48 70//48
f 65//39 69//39 70//39 66//39
f 66//49 70//49 71//49 67//49
f 67//41 71//41 72//41 68//41
f 69//50 65//50 68//50 72//50
o Cube.005_Cube.016
v -0.427949 -3.298033 1.023825
v -0.427949 -2.875498 0.952517
v -0.990725 -2.875498 0.952517
v -0.990725 -3.298034 1.023825
v -0.427949 -3.507001 -0.214401
v -0.427950 -3.084465 -0.285710
v -0.990725 -3.084465 -0.285710
v -0.990725 -3.507001 -0.214401
vn -0.000000 0.166411 0.986057
vn 0.000000 -0.166410 -0.986057
vn -0.000000 0.986057 -0.166411
vn 0.000000 -0.986057 0.166411
usemtl 
s off
f 73//51 74//51 75//51 76//51
f 77//52 80//52 79//52 78//52
f 73//39 77//39 78//39 74//39
f 74//53 78//53 79//53 75//53
f 75//41 79//41 80//41 76//41
f 77//54 73//54 76//54 80//54
o Cube.004_Cube.015
v -0.448197 -3.035102 -0.058760
v -0.448197 -2.979293 0.414317
v -0.970478 -2.979293 0.414317
v -0.970478 -3.035102 -0.058760
v -0.448197 -0.743180 -0.329136
v -0.448197 -0.687372 0.143941
v -0.970478 -0.687372 0.143941
v -0.970478 -0.743180 -0.329137
vn -0.000000 -0.993113 0.117157
vn -0.000000 0.993113 -0.117157
vn -0.000000 0.117157 0.993113
vn 0.000000 -0.117157 -0.993113
usemtl 
s off
f 81//55 82//55 83//55 84//55
f 85//56 88//56 87//56 86//56
f 81//39 85//39 86//39 82//39
f 82//57 86//57 87//57 83//57
f 83//41 87//41 88//41 84//41
f 85//58 81//58 84//58 88//58
o Cube.003_Cube.014
v -0.427949 -1.030919 0.191494
v -0.427949 -0.855441 0.582428
v -0.990725 -0.855441 0.582428
v -0.990725 -1.030919 0.191494
v -0.427949 0.114699 -0.322736
v -0.427950 0.290176 0.068198
v -0.990725 0.290176 0.068198
v -0.990725 0.114699 -0.322736
vn -0.000000 -0.912308 0.409505
vn -0.000000 0.912308 -0.409505
vn -0.000000 0.409505 0.912308
vn 0.000000 -0.409505 -0.912308
usemtl 
s off
f 89//59 90//59 91//59 92//59
f 93//60 96//60 95//60 94//60
f 89//39 93//39 94//39 90//39
f 90//61 94//61 95//61 91//61
f 91//41 95//41 96//41 92//41
f 93//62 89//62 92//62 96//62
o Cube.002_Cube.013
v -0.269446 3.063655 -0.735888
v -0.269446 3.063655 0.702803
v -1.708137 3.063655 0.702802
v -1.708137 3.063655 -0.735889
v -0.269445 4.502347 -0.735888
v -0.269446 4.502347 0.702803
v -1.708137 4.502347 0.702802
v -1.708136 4.502347 -0.735889
vn 0.000000 -1.000000 0.000000
vn 0.000000 1.000000 0.000000
vn -0.000000 0.000000 1.000000
vn 0.000000 0.000000 -1.000000
usemtl 
s off
f 97//63 98//63 99//63 100//63
f 101//64 104//64 103//64 102//64
f 97//39 101//39 102//39 98//39
f 98//65 102//65 103//65 99//65
f 99//41 103//41 104//41 100//41
f 101//66 97//66 100//66 104//66
o Cube.001_Cube.012
v -0.763576 2.649909 -0.447929
v -0.763576 2.649909 0.002502
v -1.214007 2.649909 0.002502
v -1.214006 2.649909 -0.447929
v -0.763576 3.129283 -0.447929
v -0.763576 3.129283 0.002502
v -1.214007 3.129283 0.002502
v -1.214006 3.129283 -0.447929
usemtl 
s off
f 105//63 106//63 107//63 108//63
f 109//64 112//64 111//64 110//64
f 105//39 109//39 110//39 106//39
f 106//65 110//65 111//65 107//65
f 107//41 111//41 112//41 108//41
f 109//66 105//66 108//66 112//66
o Cube_Cube.011
v -0.333995 0.086235 -0.946233
v -0.333995 0.086235 0.363359
v -1.643587 0.086235 0.363359
v -1.643587 0.086235 -0.946233
v -0.333995 2.669124 -0.946233
v -0.333995 2.669124 0.363360
v -1.643588 2.669124 0.363359
v -1.643587 2.669124 -0.946233
usemtl 
s off
f 113//63 114//63 115//63 116//63
f 117//64 120//64 119//64 118//64
f 113//39 117//39 118//39 114//39
f 114//65 118//65 119//65 115//65
f 115//41 119//41 120//41 116//41
f 117//66 113//66 116//66 120//66
