# Blender v2.59 (sub 0) OBJ File: 'zombie.blend'
# www.blender.org
mtllib zombie_000004.mtl
o Cube.015_Cube.026
v -2.505255 0.191067 1.888035
v -2.536978 0.551457 2.279434
v -2.929394 0.615733 2.188446
v -2.897671 0.255343 1.797046
v -2.406889 0.456682 1.651437
v -2.438612 0.817072 2.042836
v -2.831027 0.881348 1.951847
v -2.799304 0.520959 1.560448
vn -0.266532 -0.719705 0.641082
vn 0.266532 0.719705 -0.641082
vn 0.961987 -0.157570 0.223054
vn -0.059518 0.676163 0.734344
vn -0.961987 0.157570 -0.223054
vn 0.059518 -0.676163 -0.734344
usemtl 
s off
f 1//1 2//1 3//1 4//1
f 5//2 8//2 7//2 6//2
f 1//3 5//3 6//3 2//3
f 2//4 6//4 7//4 3//4
f 3//5 7//5 8//5 4//5
f 5//6 1//6 4//6 8//6
o Cube.014_Cube.025
v -2.410685 1.502679 0.777576
v -2.489114 1.302338 0.478404
v -2.163641 1.131953 0.507179
v -2.085213 1.332295 0.806351
v -1.851346 2.440339 0.003036
v -1.929774 2.239997 -0.296135
v -1.604301 2.069613 -0.267360
v -1.525873 2.269954 0.031811
vn -0.417840 -0.700453 0.578598
vn 0.417840 0.700453 -0.578598
vn -0.883240 0.462374 -0.078087
vn -0.212832 -0.543669 -0.811866
vn 0.883240 -0.462374 0.078087
vn 0.212832 0.543669 0.811866
usemtl 
s off
f 9//7 10//7 11//7 12//7
f 13//8 16//8 15//8 14//8
f 9//9 13//9 14//9 10//9
f 10//10 14//10 15//10 11//10
f 11//11 15//11 16//11 12//11
f 13//12 9//12 12//12 16//12
o Cube.013_Cube.024
v -2.774117 0.881066 1.835249
v -2.790609 0.548854 1.676647
v -2.429843 0.502675 1.735861
v -2.413351 0.834887 1.894463
v -2.507991 1.435503 0.646235
v -2.524483 1.103292 0.487633
v -2.163717 1.057113 0.546847
v -2.147225 1.389324 0.705449
vn -0.198802 -0.414177 0.888220
vn 0.198802 0.414177 -0.888220
vn -0.979017 0.125318 -0.160689
vn -0.044755 -0.901528 -0.430400
vn 0.979017 -0.125317 0.160689
vn 0.044756 0.901528 0.430400
usemtl 
s off
f 17//13 18//13 19//13 20//13
f 21//14 24//14 23//14 22//14
f 17//15 21//15 22//15 18//15
f 18//16 22//16 23//16 19//16
f 19//17 23//17 24//17 20//17
f 21//18 17//18 20//18 24//18
o Cube.011_Cube.022
v 0.666769 0.096251 -2.301541
v 0.635046 -0.159344 -1.834909
v 0.242630 -0.052578 -1.803105
v 0.274353 0.203017 -2.269738
v 0.765135 0.405367 -2.125537
v 0.733413 0.149772 -1.658905
v 0.340997 0.256538 -1.627102
v 0.372720 0.512133 -2.093734
vn -0.266532 -0.837575 -0.476896
vn 0.266532 0.837575 0.476896
vn 0.961987 -0.261731 -0.077964
vn -0.059518 -0.479547 0.875495
vn -0.961987 0.261731 0.077964
vn 0.059518 0.479548 -0.875495
usemtl 
s off
f 25//19 26//19 27//19 28//19
f 29//20 32//20 31//20 30//20
f 25//21 29//21 30//21 26//21
f 26//22 30//22 31//22 27//22
f 27//23 31//23 32//23 28//23
f 29//24 25//24 28//24 32//24
o Cube.010_Cube.021
v 0.698683 0.456338 -1.913733
v 0.714664 0.269034 -1.596790
v 0.353542 0.199357 -1.619759
v 0.337562 0.386661 -1.936702
v 0.438569 1.581033 -1.235957
v 0.454550 1.393729 -0.919014
v 0.093428 1.324052 -0.941983
v 0.077448 1.511356 -1.258926
vn 0.194311 -0.840172 -0.506314
vn -0.194311 0.840172 0.506314
vn 0.979981 0.189083 0.062331
vn 0.043366 -0.508290 0.860094
vn -0.979981 -0.189083 -0.062331
vn -0.043367 0.508290 -0.860094
usemtl 
s off
f 33//25 34//25 35//25 36//25
f 37//26 40//26 39//26 38//26
f 33//27 37//27 38//27 34//27
f 34//28 38//28 39//28 35//28
f 35//29 39//29 40//29 36//29
f 37//30 33//30 36//30 40//30
o Cube.009_Cube.020
v 0.426912 1.595858 -1.169635
v 0.464399 1.334169 -0.912916
v 0.137452 1.193584 -1.008482
v 0.099966 1.455273 -1.265201
v -0.175414 2.387969 -0.274236
v -0.137928 2.126280 -0.017517
v -0.464874 1.985695 -0.113082
v -0.502361 2.247384 -0.369801
vn 0.449952 -0.591725 -0.668884
vn -0.449951 0.591725 0.668884
vn 0.887240 0.381508 0.259338
vn 0.101728 -0.710150 0.696662
vn -0.887240 -0.381508 -0.259338
vn -0.101728 0.710150 -0.696662
usemtl 
s off
f 41//31 42//31 43//31 44//31
f 45//32 48//32 47//32 46//32
f 41//33 45//33 46//33 42//33
f 42//34 46//34 47//34 43//34
f 43//35 47//35 48//35 44//35
f 45//36 41//36 44//36 48//36
o Cube.008_Cube.019
v -1.146648 -1.701174 -2.656939
v -1.146648 -1.909964 -3.046068
v -1.588252 -1.909964 -3.046068
v -1.588252 -1.701174 -2.656939
v -1.146648 -3.114764 -1.898466
v -1.146648 -3.323555 -2.287594
v -1.588252 -3.323554 -2.287594
v -1.588252 -3.114764 -1.898466
vn 0.000000 0.881170 -0.472799
vn -0.000000 -0.881170 0.472799
vn 1.000000 -0.000000 -0.000000
vn -0.000000 -0.472799 -0.881170
vn -1.000000 0.000000 0.000000
vn 0.000000 0.472799 0.881170
usemtl 
s off
f 49//37 50//37 51//37 52//37
f 53//38 56//38 55//38 54//38
f 49//39 53//39 54//39 50//39
f 50//40 54//40 55//40 51//40
f 51//41 55//41 56//41 52//41
f 53//42 49//42 52//42 56//42
o Cube.007_Cube.018
v -1.146648 -1.920827 -2.471679
v -1.146648 -2.300744 -2.246563
v -1.588252 -2.300744 -2.246563
v -1.588252 -1.920827 -2.471679
v -1.146648 -1.103047 -1.091551
v -1.146648 -1.482964 -0.866435
v -1.588252 -1.482964 -0.866435
v -1.588252 -1.103047 -1.091551
vn 0.000000 -0.509769 -0.860312
vn -0.000000 0.509768 0.860312
vn -0.000000 -0.860312 0.509768
vn 0.000000 0.860312 -0.509768
usemtl 
s off
f 57//43 58//43 59//43 60//43
f 61//44 64//44 63//44 62//44
f 57//39 61//39 62//39 58//39
f 58//45 62//45 63//45 59//45
f 59//41 63//41 64//41 60//41
f 61//46 57//46 60//46 64//46
o Cube.006_Cube.017
v -1.146648 -1.258620 -1.136240
v -1.146648 -1.422605 -0.726212
v -1.588252 -1.422605 -0.726212
v -1.588252 -1.258620 -1.136240
v -1.146648 0.230893 -0.540530
v -1.146648 0.066908 -0.130502
v -1.588252 0.066908 -0.130502
v -1.588252 0.230893 -0.540530
vn 0.000000 -0.928497 -0.371340
vn 0.000000 0.928497 0.371339
vn -0.000000 -0.371339 0.928497
vn 0.000000 0.371339 -0.928497
usemtl 
s off
f 65//47 66//47 67//47 68//47
f 69//48 72//48 71//48 70//48
f 65//39 69//39 70//39 66//39
f 66//49 70//49 71//49 67//49
f 67//41 71//41 72//41 68//41
f 69//50 65//50 68//50 72//50
o Cube.005_Cube.016
v -0.427949 -2.544022 2.464955
v -0.427949 -2.158871 2.277124
v -0.990725 -2.158871 2.277124
v -0.990725 -2.544022 2.464955
v -0.427949 -3.094454 1.336285
v -0.427950 -2.709304 1.148454
v -0.990725 -2.709304 1.148454
v -0.990725 -3.094455 1.336285
vn 0.000000 0.438334 0.898812
vn 0.000000 -0.438335 -0.898812
vn -0.000000 0.898812 -0.438335
vn 0.000000 -0.898812 0.438334
usemtl 
s off
f 73//51 74//51 75//51 76//51
f 77//52 80//52 79//52 78//52
f 73//39 77//39 78//39 74//39
f 74//53 78//53 79//53 75//53
f 75//41 79//41 80//41 76//41
f 77//54 73//54 76//54 80//54
o Cube.004_Cube.015
v -0.448197 -2.808107 1.342263
v -0.448197 -2.599060 1.770301
v -0.970478 -2.599060 1.770301
v -0.970478 -2.808107 1.342263
v -0.448197 -0.734389 0.329494
v -0.448197 -0.525342 0.757532
v -0.970478 -0.525342 0.757532
v -0.970478 -0.734389 0.329494
vn -0.000000 -0.898564 0.438843
vn 0.000000 0.898564 -0.438844
vn -0.000000 0.438844 0.898564
vn 0.000000 -0.438844 -0.898563
usemtl 
s off
f 81//55 82//55 83//55 84//55
f 85//56 88//56 87//56 86//56
f 81//39 85//39 86//39 82//39
f 82//57 86//57 87//57 83//57
f 83//41 87//41 88//41 84//41
f 85//58 81//58 84//58 88//58
o Cube.003_Cube.014
v -0.427949 -1.019618 0.429100
v -0.427949 -0.800809 0.797535
v -0.990725 -0.800810 0.797535
v -0.990725 -1.019618 0.429100
v -0.427949 0.060067 -0.212110
v -0.427950 0.278876 0.156325
v -0.990725 0.278876 0.156325
v -0.990725 0.060067 -0.212110
vn 0.000000 -0.859803 0.510626
vn -0.000000 0.859803 -0.510626
vn -0.000000 0.510626 0.859803
vn 0.000000 -0.510626 -0.859803
usemtl 
s off
f 89//59 90//59 91//59 92//59
f 93//60 96//60 95//60 94//60
f 89//39 93//39 94//39 90//39
f 90//61 94//61 95//61 91//61
f 91//41 95//41 96//41 92//41
f 93//62 89//62 92//62 96//62
o Cube.002_Cube.013
v -0.269446 2.948534 -0.735888
v -0.269446 2.948534 0.702803
v -1.708137 2.948534 0.702802
v -1.708137 2.948534 -0.735889
v -0.269445 4.387225 -0.735888
v -0.269446 4.387225 0.702803
v -1.708137 4.387225 0.702802
v -1.708136 4.387225 -0.735889
vn 0.000000 -1.000000 0.000000
vn 0.000000 1.000000 0.000000
vn -0.000000 0.000000 1.000000
vn 0.000000 0.000000 -1.000000
usemtl 
s off
f 97//63 98//63 99//63 100//63
f 101//64 104//64 103//64 102//64
f 97//39 101//39 102//39 98//39
f 98//65 102//65 103//65 99//65
f 99//41 103//41 104//41 100//41
f 101//66 97//66 100//66 104//66
o Cube.001_Cube.012
v -0.763576 2.534787 -0.447929
v -0.763576 2.534787 0.002502
v -1.214007 2.534787 0.002502
v -1.214006 2.534787 -0.447929
v -0.763576 3.014161 -0.447929
v -0.763576 3.014161 0.002502
v -1.214007 3.014161 0.002502
v -1.214006 3.014161 -0.447929
usemtl 
s off
f 105//63 106//63 107//63 108//63
f 109//64 112//64 111//64 110//64
f 105//39 109//39 110//39 106//39
f 106//65 110//65 111//65 107//65
f 107//41 111//41 112//41 108//41
f 109//66 105//66 108//66 112//66
o Cube_Cube.011
v -0.333995 -0.028887 -0.946233
v -0.333995 -0.028887 0.363359
v -1.643587 -0.028887 0.363359
v -1.643587 -0.028887 -0.946233
v -0.333995 2.554002 -0.946233
v -0.333995 2.554002 0.363360
v -1.643588 2.554002 0.363359
v -1.643587 2.554002 -0.946233
usemtl 
s off
f 113//63 114//63 115//63 116//63
f 117//64 120//64 119//64 118//64
f 113//39 117//39 118//39 114//39
f 114//65 118//65 119//65 115//65
f 115//41 119//41 120//41 116//41
f 117//66 113//66 116//66 120//66
