# Blender v2.59 (sub 0) OBJ File: 'zombie.blend'
# www.blender.org
mtllib zombie_000005.mtl
o Cube.015_Cube.026
v -2.505255 0.744787 2.142084
v -2.536978 1.105177 2.533483
v -2.929394 1.169453 2.442494
v -2.897671 0.809064 2.051095
v -2.406889 1.010402 1.905485
v -2.438612 1.370792 2.296885
v -2.831027 1.435068 2.205896
v -2.799304 1.074679 1.814496
vn -0.266532 -0.719705 0.641082
vn 0.266532 0.719705 -0.641082
vn 0.961987 -0.157570 0.223054
vn -0.059518 0.676163 0.734344
vn -0.961987 0.157570 -0.223055
vn 0.059518 -0.676163 -0.734344
usemtl 
s off
f 1//1 2//1 3//1 4//1
f 5//2 8//2 7//2 6//2
f 1//3 5//3 6//3 2//3
f 2//4 6//4 7//4 3//4
f 3//5 7//5 8//5 4//5
f 5//6 1//6 4//6 8//6
o Cube.014_Cube.025
v -2.292557 1.612231 1.012337
v -2.428652 1.379775 0.760874
v -2.110317 1.194159 0.760174
v -1.974222 1.426615 1.011637
v -1.834028 2.402309 0.033814
v -1.970122 2.169852 -0.217648
v -1.651787 1.984237 -0.218348
v -1.515693 2.216693 0.033115
vn -0.342532 -0.590205 0.730978
vn 0.342532 0.590206 -0.730978
vn -0.863871 0.503709 0.001899
vn -0.369321 -0.630821 -0.682398
vn 0.863871 -0.503709 -0.001899
vn 0.369321 0.630821 0.682398
usemtl 
s off
f 9//7 10//7 11//7 12//7
f 13//8 16//8 15//8 14//8
f 9//9 13//9 14//9 10//9
f 10//10 14//10 15//10 11//10
f 11//11 15//11 16//11 12//11
f 13//12 9//12 12//12 16//12
o Cube.013_Cube.024
v -2.773054 1.174688 2.115289
v -2.788885 0.825749 1.997893
v -2.427924 0.787917 2.061663
v -2.412093 1.136857 2.179059
v -2.509910 1.582480 0.867716
v -2.525741 1.233541 0.750320
v -2.164779 1.195710 0.814090
v -2.148949 1.544649 0.931486
vn -0.196574 -0.304630 0.931965
vn 0.196575 0.304630 -0.931965
vn -0.979547 0.102663 -0.173053
vn -0.042961 -0.946922 -0.318580
vn 0.979547 -0.102662 0.173054
vn 0.042961 0.946922 0.318580
usemtl 
s off
f 17//13 18//13 19//13 20//13
f 21//14 24//14 23//14 22//14
f 17//15 21//15 22//15 18//15
f 18//16 22//16 23//16 19//16
f 19//17 23//17 24//17 20//17
f 21//18 17//18 20//18 24//18
o Cube.011_Cube.022
v 0.666769 0.389342 -2.381704
v 0.635046 0.133747 -1.915072
v 0.242630 0.240513 -1.883269
v 0.274353 0.496108 -2.349901
v 0.765135 0.698458 -2.205700
v 0.733413 0.442863 -1.739068
v 0.340997 0.549629 -1.707265
v 0.372720 0.805224 -2.173897
vn -0.266532 -0.837575 -0.476896
vn 0.266532 0.837575 0.476896
vn 0.961987 -0.261731 -0.077964
vn -0.059518 -0.479547 0.875495
vn -0.961987 0.261731 0.077964
vn 0.059518 0.479547 -0.875495
usemtl 
s off
f 25//19 26//19 27//19 28//19
f 29//20 32//20 31//20 30//20
f 25//21 29//21 30//21 26//21
f 26//22 30//22 31//22 27//22
f 27//23 31//23 32//23 28//23
f 29//24 25//24 28//24 32//24
o Cube.010_Cube.021
v 0.698591 0.686068 -1.946397
v 0.714490 0.480566 -1.640935
v 0.353350 0.412460 -1.667956
v 0.337451 0.617963 -1.973418
v 0.438762 1.769331 -1.204097
v 0.454661 1.563828 -0.898635
v 0.093520 1.495722 -0.925657
v 0.077621 1.701225 -1.231118
vn 0.194098 -0.809221 -0.554515
vn -0.194098 0.809221 0.554515
vn 0.980033 0.184820 0.073330
vn 0.043146 -0.557676 0.828937
vn -0.980033 -0.184820 -0.073330
vn -0.043146 0.557676 -0.828937
usemtl 
s off
f 33//25 34//25 35//25 36//25
f 37//26 40//26 39//26 38//26
f 33//27 37//27 38//27 34//27
f 34//28 38//28 39//28 35//28
f 35//29 39//29 40//29 36//29
f 37//30 33//30 36//30 40//30
o Cube.009_Cube.020
v 0.426113 1.670491 -1.195437
v 0.462758 1.396535 -0.951723
v 0.135306 1.261872 -1.053861
v 0.098661 1.535828 -1.297575
v -0.173268 2.420318 -0.262442
v -0.136623 2.146362 -0.018728
v -0.464074 2.011698 -0.120866
v -0.500720 2.285654 -0.364579
vn 0.447751 -0.560138 -0.696969
vn -0.447751 0.560137 0.696969
vn 0.888611 0.365439 0.277173
vn 0.099445 -0.743438 0.661370
vn -0.888611 -0.365439 -0.277173
vn -0.099445 0.743438 -0.661370
usemtl 
s off
f 41//31 42//31 43//31 44//31
f 45//32 48//32 47//32 46//32
f 41//33 45//33 46//33 42//33
f 42//34 46//34 47//34 43//34
f 43//35 47//35 48//35 44//35
f 45//36 41//36 44//36 48//36
o Cube.008_Cube.019
v -1.146648 -1.391329 -2.586243
v -1.146648 -1.471907 -3.020433
v -1.588252 -1.471907 -3.020433
v -1.588252 -1.391329 -2.586243
v -1.146648 -2.968618 -2.293528
v -1.146648 -3.049195 -2.727719
v -1.588252 -3.049195 -2.727719
v -1.588252 -2.968618 -2.293528
vn 0.000000 0.983212 -0.182466
vn 0.000000 -0.983212 0.182465
vn 1.000000 -0.000000 -0.000000
vn -0.000000 -0.182466 -0.983212
vn -1.000000 0.000000 0.000000
vn 0.000000 0.182466 0.983212
usemtl 
s off
f 49//37 50//37 51//37 52//37
f 53//38 56//38 55//38 54//38
f 49//39 53//39 54//39 50//39
f 50//40 54//40 55//40 51//40
f 51//41 55//41 56//41 52//41
f 53//42 49//42 52//42 56//42
o Cube.007_Cube.018
v -1.146648 -1.606539 -2.459338
v -1.146648 -2.031423 -2.338974
v -1.588252 -2.031423 -2.338974
v -1.588252 -1.606539 -2.459338
v -1.146648 -1.169292 -0.915857
v -1.146648 -1.594176 -0.795493
v -1.588252 -1.594176 -0.795493
v -1.588252 -1.169291 -0.915857
vn 0.000000 -0.272561 -0.962139
vn 0.000000 0.272561 0.962139
vn -0.000000 -0.962139 0.272561
vn 0.000000 0.962139 -0.272561
usemtl 
s off
f 57//43 58//43 59//43 60//43
f 61//44 64//44 63//44 62//44
f 57//39 61//39 62//39 58//39
f 58//45 62//45 63//45 59//45
f 59//41 63//41 64//41 60//41
f 61//46 57//46 60//46 64//46
o Cube.006_Cube.017
v -1.146648 -1.312856 -0.997049
v -1.146648 -1.427790 -0.570664
v -1.588252 -1.427790 -0.570664
v -1.588252 -1.312856 -0.997049
v -1.146648 0.236078 -0.579527
v -1.146648 0.121144 -0.153142
v -1.588252 0.121144 -0.153142
v -1.588252 0.236078 -0.579528
vn 0.000000 -0.965537 -0.260265
vn 0.000000 0.965537 0.260265
vn -0.000000 -0.260265 0.965537
vn 0.000000 0.260265 -0.965537
usemtl 
s off
f 65//47 66//47 67//47 68//47
f 69//48 72//48 71//48 70//48
f 65//39 69//39 70//39 66//39
f 66//49 70//49 71//49 67//49
f 67//41 71//41 72//41 68//41
f 69//50 65//50 68//50 72//50
o Cube.005_Cube.016
v -0.427949 -3.035588 1.983540
v -0.427949 -2.612109 1.918064
v -0.990725 -2.612109 1.918064
v -0.990725 -3.035588 1.983540
v -0.427949 -3.227463 0.742550
v -0.427950 -2.803984 0.677074
v -0.990725 -2.803984 0.677074
v -0.990725 -3.227463 0.742550
vn 0.000000 0.152799 0.988257
vn 0.000000 -0.152799 -0.988257
vn -0.000000 0.988257 -0.152799
vn 0.000000 -0.988257 0.152799
usemtl 
s off
f 73//51 74//51 75//51 76//51
f 77//52 80//52 79//52 78//52
f 73//39 77//39 78//39 74//39
f 74//53 78//53 79//53 75//53
f 75//41 79//41 80//41 76//41
f 77//54 73//54 76//54 80//54
o Cube.004_Cube.015
v -0.448197 -2.936740 0.900786
v -0.448197 -2.822647 1.363279
v -0.970478 -2.822647 1.363279
v -0.970478 -2.936740 0.900786
v -0.448197 -0.696098 0.348040
v -0.448197 -0.582005 0.810533
v -0.970478 -0.582005 0.810533
v -0.970478 -0.696098 0.348040
vn -0.000000 -0.970894 0.239511
vn 0.000000 0.970894 -0.239511
vn -0.000000 0.239511 0.970894
vn 0.000000 -0.239511 -0.970894
usemtl 
s off
f 81//55 82//55 83//55 84//55
f 85//56 88//56 87//56 86//56
f 81//39 85//39 86//39 82//39
f 82//57 86//57 87//57 83//57
f 83//41 87//41 88//41 84//41
f 85//58 81//58 84//58 88//58
o Cube.003_Cube.014
v -0.427949 -1.019618 0.429100
v -0.427949 -0.800809 0.797535
v -0.990725 -0.800810 0.797535
v -0.990725 -1.019618 0.429100
v -0.427949 0.060067 -0.212110
v -0.427950 0.278876 0.156325
v -0.990725 0.278876 0.156325
v -0.990725 0.060067 -0.212110
vn 0.000000 -0.859803 0.510626
vn -0.000000 0.859803 -0.510626
vn -0.000000 0.510626 0.859803
vn 0.000000 -0.510626 -0.859803
usemtl 
s off
f 89//59 90//59 91//59 92//59
f 93//60 96//60 95//60 94//60
f 89//39 93//39 94//39 90//39
f 90//61 94//61 95//61 91//61
f 91//41 95//41 96//41 92//41
f 93//62 89//62 92//62 96//62
o Cube.002_Cube.013
v -0.269446 2.948534 -0.735888
v -0.269446 2.948534 0.702803
v -1.708137 2.948534 0.702802
v -1.708137 2.948534 -0.735889
v -0.269445 4.387225 -0.735888
v -0.269446 4.387225 0.702803
v -1.708137 4.387225 0.702802
v -1.708136 4.387225 -0.735889
vn 0.000000 -1.000000 0.000000
vn 0.000000 1.000000 0.000000
vn -0.000000 0.000000 1.000000
vn 0.000000 0.000000 -1.000000
usemtl 
s off
f 97//63 98//63 99//63 100//63
f 101//64 104//64 103//64 102//64
f 97//39 101//39 102//39 98//39
f 98//65 102//65 103//65 99//65
f 99//41 103//41 104//41 100//41
f 101//66 97//66 100//66 104//66
o Cube.001_Cube.012
v -0.763576 2.534787 -0.447929
v -0.763576 2.534787 0.002502
v -1.214007 2.534787 0.002502
v -1.214006 2.534787 -0.447929
v -0.763576 3.014161 -0.447929
v -0.763576 3.014161 0.002502
v -1.214007 3.014161 0.002502
v -1.214006 3.014161 -0.447929
usemtl 
s off
f 105//63 106//63 107//63 108//63
f 109//64 112//64 111//64 110//64
f 105//39 109//39 110//39 106//39
f 106//65 110//65 111//65 107//65
f 107//41 111//41 112//41 108//41
f 109//66 105//66 108//66 112//66
o Cube_Cube.011
v -0.333995 -0.028887 -0.946233
v -0.333995 -0.028887 0.363359
v -1.643587 -0.028887 0.363359
v -1.643587 -0.028887 -0.946233
v -0.333995 2.554002 -0.946233
v -0.333995 2.554002 0.363360
v -1.643588 2.554002 0.363359
v -1.643587 2.554002 -0.946233
usemtl 
s off
f 113//63 114//63 115//63 116//63
f 117//64 120//64 119//64 118//64
f 113//39 117//39 118//39 114//39
f 114//65 118//65 119//65 115//65
f 115//41 119//41 120//41 116//41
f 117//66 113//66 116//66 120//66
