# Blender v2.59 (sub 0) OBJ File: 'zombie.blend'
# www.blender.org
mtllib zombie_000013.mtl
o Cube.015_Cube.026
v -2.297937 -0.064425 -0.023930
v -2.327607 -0.000733 0.504411
v -2.721498 0.099661 0.470189
v -2.691828 0.035969 -0.058152
v -2.204200 0.290556 -0.061459
v -2.233870 0.354248 0.466882
v -2.627762 0.454642 0.432659
v -2.598092 0.390949 -0.095681
vn -0.253987 -0.961847 0.101689
vn 0.253987 0.961847 -0.101689
vn 0.965604 -0.246110 0.083894
vn -0.055667 0.119499 0.991272
vn -0.965605 0.246109 -0.083894
vn 0.055667 -0.119499 -0.991272
usemtl 
s off
f 1//1 2//1 3//1 4//1
f 5//2 8//2 7//2 6//2
f 1//3 5//3 6//3 2//3
f 2//4 6//4 7//4 3//4
f 3//5 7//5 8//5 4//5
f 5//6 1//6 4//6 8//6
o Cube.014_Cube.025
v -2.197016 1.301412 0.175858
v -2.360500 1.343548 -0.151691
v -2.042879 1.263513 -0.320517
v -1.879395 1.221377 0.007033
v -1.868452 2.599108 0.178803
v -2.031936 2.641244 -0.148747
v -1.714314 2.561209 -0.317572
v -1.550830 2.519073 0.009978
vn -0.245445 -0.969408 -0.002200
vn 0.245445 0.969408 0.002200
vn -0.861935 0.217194 0.458144
vn -0.443650 0.114345 -0.888875
vn 0.861935 -0.217194 -0.458143
vn 0.443650 -0.114345 0.888875
usemtl 
s off
f 9//7 10//7 11//7 12//7
f 13//8 16//8 15//8 14//8
f 9//9 13//9 14//9 10//9
f 10//10 14//10 15//10 11//10
f 11//11 15//11 16//11 12//11
f 13//12 9//12 12//12 16//12
o Cube.013_Cube.024
v -2.498839 0.437151 0.386914
v -2.514694 0.379644 0.023276
v -2.152648 0.311167 0.018319
v -2.136793 0.368674 0.381958
v -2.256171 1.735787 0.170961
v -2.272027 1.678280 -0.192677
v -1.909980 1.609803 -0.197633
v -1.894125 1.667310 0.166005
vn -0.181278 -0.970110 0.161321
vn 0.181278 0.970110 -0.161321
vn -0.982490 0.185828 0.013450
vn -0.043026 -0.156059 -0.986810
vn 0.982490 -0.185828 -0.013450
vn 0.043026 0.156059 0.986810
usemtl 
s off
f 17//13 18//13 19//13 20//13
f 21//14 24//14 23//14 22//14
f 17//15 21//15 22//15 18//15
f 18//16 22//16 23//16 19//16
f 19//17 23//17 24//17 20//17
f 21//18 17//18 20//18 24//18
o Cube.011_Cube.022
v 0.666769 0.055839 -0.848443
v 0.635046 -0.199756 -0.381811
v 0.242630 -0.092990 -0.350008
v 0.274353 0.162605 -0.816640
v 0.765135 0.364955 -0.672439
v 0.733413 0.109360 -0.205807
v 0.340997 0.216126 -0.174004
v 0.372720 0.471721 -0.640636
vn -0.266532 -0.837575 -0.476896
vn 0.266532 0.837575 0.476896
vn 0.961987 -0.261731 -0.077964
vn -0.059518 -0.479547 0.875495
vn -0.961987 0.261731 0.077964
vn 0.059518 0.479547 -0.875495
usemtl 
s off
f 25//19 26//19 27//19 28//19
f 29//20 32//20 31//20 30//20
f 25//21 29//21 30//21 26//21
f 26//22 30//22 31//22 27//22
f 27//23 31//23 32//23 28//23
f 29//24 25//24 28//24 32//24
o Cube.010_Cube.021
v 0.697731 0.174545 -0.685608
v 0.713755 0.149934 -0.318282
v 0.352529 0.077912 -0.307349
v 0.336504 0.102524 -0.674676
v 0.439583 1.484329 -0.586588
v 0.455607 1.459717 -0.219262
v 0.094381 1.387696 -0.208329
v 0.078357 1.412308 -0.575656
vn 0.192842 -0.978438 -0.073970
vn -0.192842 0.978438 0.073970
vn 0.980266 0.195445 -0.029668
vn 0.043485 -0.066789 0.996819
vn -0.980266 -0.195445 0.029668
vn -0.043485 0.066789 -0.996819
usemtl 
s off
f 33//25 34//25 35//25 36//25
f 37//26 40//26 39//26 38//26
f 33//27 37//27 38//27 34//27
f 34//28 38//28 39//28 35//28
f 35//29 39//29 40//29 36//29
f 37//30 33//30 36//30 40//30
o Cube.009_Cube.020
v 0.407240 1.431700 -0.543953
v 0.443306 1.441951 -0.177367
v 0.109933 1.289375 -0.140302
v 0.073867 1.279124 -0.506888
v -0.147895 2.649642 -0.523393
v -0.111828 2.659892 -0.156807
v -0.445202 2.507316 -0.119742
v -0.481268 2.497065 -0.486328
vn 0.414698 -0.909829 -0.015359
vn -0.414698 0.909829 0.015359
vn 0.904680 0.414049 -0.100584
vn 0.097874 0.027817 0.994810
vn -0.904680 -0.414049 0.100584
vn -0.097874 -0.027817 -0.994810
usemtl 
s off
f 41//31 42//31 43//31 44//31
f 45//32 48//32 47//32 46//32
f 41//33 45//33 46//33 42//33
f 42//34 46//34 47//34 43//34
f 43//35 47//35 48//35 44//35
f 45//36 41//36 44//36 48//36
o Cube.008_Cube.019
v -1.146648 -2.542556 0.490515
v -1.146648 -2.976310 0.573411
v -1.588252 -2.976310 0.573411
v -1.588252 -2.542556 0.490515
v -1.146648 -2.241421 2.066217
v -1.146648 -2.675175 2.149113
v -1.588252 -2.675174 2.149113
v -1.588252 -2.241421 2.066217
vn 0.000000 -0.187714 -0.982224
vn -0.000000 0.187714 0.982224
vn 1.000000 -0.000000 0.000000
vn -0.000001 -0.982224 0.187714
vn -1.000000 0.000000 -0.000000
vn 0.000000 0.982224 -0.187714
usemtl 
s off
f 49//37 50//37 51//37 52//37
f 53//38 56//38 55//38 54//38
f 49//39 53//39 54//39 50//39
f 50//40 54//40 55//40 51//40
f 51//41 55//41 56//41 52//41
f 53//42 49//42 52//42 56//42
o Cube.007_Cube.018
v -1.146648 -2.600087 0.629769
v -1.146648 -2.527998 1.065449
v -1.588252 -2.527998 1.065449
v -1.588252 -2.600087 0.629769
v -1.146648 -1.017386 0.367892
v -1.146648 -0.945298 0.803572
v -1.588252 -0.945298 0.803572
v -1.588252 -1.017386 0.367891
vn -0.000000 -0.986586 0.163243
vn 0.000000 0.986586 -0.163243
vn -0.000000 0.163243 0.986586
vn 0.000000 -0.163243 -0.986586
usemtl 
s off
f 57//43 58//43 59//43 60//43
f 61//44 64//44 63//44 62//44
f 57//39 61//39 62//39 58//39
f 58//45 62//45 63//45 59//45
f 59//41 63//41 64//41 60//41
f 61//46 57//46 60//46 64//46
o Cube.006_Cube.017
v -1.146648 -1.229988 0.630190
v -1.146648 -0.984104 0.997007
v -1.588252 -0.984104 0.997007
v -1.588252 -1.229989 0.630190
v -1.146648 0.102552 -0.263038
v -1.146648 0.348437 0.103780
v -1.588252 0.348437 0.103779
v -1.588252 0.102552 -0.263038
vn 0.000000 -0.830647 0.556799
vn 0.000000 0.830647 -0.556799
vn -0.000000 0.556799 0.830647
vn 0.000000 -0.556799 -0.830647
usemtl 
s off
f 65//47 66//47 67//47 68//47
f 69//48 72//48 71//48 70//48
f 65//39 69//39 70//39 66//39
f 66//49 70//49 71//49 67//49
f 67//41 71//41 72//41 68//41
f 69//50 65//50 68//50 72//50
o Cube.005_Cube.016
v -0.427949 -3.436722 -1.555608
v -0.427949 -3.178009 -1.214010
v -0.990725 -3.178009 -1.214010
v -0.990725 -3.436722 -1.555608
v -0.427949 -2.435681 -2.313756
v -0.427950 -2.176968 -1.972158
v -0.990725 -2.176968 -1.972159
v -0.990725 -2.435681 -2.313757
vn 0.000000 -0.797175 0.603749
vn 0.000000 0.797175 -0.603749
vn -0.000000 0.603749 0.797175
vn 0.000000 -0.603749 -0.797175
usemtl 
s off
f 73//51 74//51 75//51 76//51
f 77//52 80//52 79//52 78//52
f 73//39 77//39 78//39 74//39
f 74//53 78//53 79//53 75//53
f 75//41 79//41 80//41 76//41
f 77//54 73//54 76//54 80//54
o Cube.004_Cube.015
v -0.448197 -2.457756 -2.477679
v -0.448197 -2.788044 -2.134419
v -0.970478 -2.788044 -2.134419
v -0.970478 -2.457756 -2.477679
v -0.448197 -0.794765 -0.877533
v -0.448197 -1.125052 -0.534274
v -0.970478 -1.125052 -0.534274
v -0.970478 -0.794765 -0.877533
vn 0.000000 -0.720592 -0.693360
vn -0.000000 0.720591 0.693360
vn -0.000000 -0.693360 0.720591
vn 0.000000 0.693360 -0.720591
usemtl 
s off
f 81//55 82//55 83//55 84//55
f 85//56 88//56 87//56 86//56
f 81//39 85//39 86//39 82//39
f 82//57 86//57 87//57 83//57
f 83//41 87//41 88//41 84//41
f 85//58 81//58 84//58 88//58
o Cube.003_Cube.014
v -0.427949 -0.884448 -0.989158
v -0.427949 -1.033555 -0.587425
v -0.990725 -1.033555 -0.587425
v -0.990725 -0.884448 -0.989158
v -0.427949 0.292813 -0.552205
v -0.427950 0.143706 -0.150473
v -0.990725 0.143706 -0.150473
v -0.990725 0.292813 -0.552205
vn 0.000000 -0.937507 -0.347965
vn 0.000000 0.937507 0.347966
vn -0.000000 -0.347966 0.937507
vn 0.000000 0.347966 -0.937507
usemtl 
s off
f 89//59 90//59 91//59 92//59
f 93//60 96//60 95//60 94//60
f 89//39 93//39 94//39 90//39
f 90//61 94//61 95//61 91//61
f 91//41 95//41 96//41 92//41
f 93//62 89//62 92//62 96//62
o Cube.002_Cube.013
v -0.269446 2.986423 -0.735888
v -0.269446 2.986423 0.702803
v -1.708137 2.986423 0.702802
v -1.708137 2.986423 -0.735889
v -0.269445 4.425115 -0.735888
v -0.269446 4.425115 0.702803
v -1.708137 4.425115 0.702802
v -1.708136 4.425115 -0.735889
vn 0.000000 -1.000000 0.000000
vn 0.000000 1.000000 0.000000
vn -0.000000 0.000000 1.000000
vn 0.000000 0.000000 -1.000000
usemtl 
s off
f 97//63 98//63 99//63 100//63
f 101//64 104//64 103//64 102//64
f 97//39 101//39 102//39 98//39
f 98//65 102//65 103//65 99//65
f 99//41 103//41 104//41 100//41
f 101//66 97//66 100//66 104//66
o Cube.001_Cube.012
v -0.763576 2.572677 -0.447929
v -0.763576 2.572677 0.002502
v -1.214007 2.572677 0.002502
v -1.214006 2.572677 -0.447929
v -0.763576 3.052051 -0.447929
v -0.763576 3.052051 0.002502
v -1.214007 3.052051 0.002502
v -1.214006 3.052051 -0.447929
usemtl 
s off
f 105//63 106//63 107//63 108//63
f 109//64 112//64 111//64 110//64
f 105//39 109//39 110//39 106//39
f 106//65 110//65 111//65 107//65
f 107//41 111//41 112//41 108//41
f 109//66 105//66 108//66 112//66
o Cube_Cube.011
v -0.333995 0.009003 -0.946233
v -0.333995 0.009003 0.363359
v -1.643587 0.009003 0.363359
v -1.643587 0.009003 -0.946233
v -0.333995 2.591892 -0.946233
v -0.333995 2.591892 0.363360
v -1.643588 2.591892 0.363359
v -1.643587 2.591892 -0.946233
usemtl 
s off
f 113//63 114//63 115//63 116//63
f 117//64 120//64 119//64 118//64
f 113//39 117//39 118//39 114//39
f 114//65 118//65 119//65 115//65
f 115//41 119//41 120//41 116//41
f 117//66 113//66 116//66 120//66
