# Blender v2.59 (sub 0) OBJ File: 'zombie.blend'
# www.blender.org
mtllib zombie_000023.mtl
o Cube.015_Cube.026
v -2.299963 -0.096256 1.751586
v -2.331686 0.329590 2.070537
v -2.724102 0.376156 1.969335
v -2.692379 -0.049689 1.650384
v -2.201597 0.121651 1.470433
v -2.233320 0.547496 1.789385
v -2.625735 0.594063 1.688182
v -2.594012 0.168218 1.369231
vn -0.266532 -0.590435 0.761806
vn 0.266532 0.590435 -0.761805
vn 0.961987 -0.114156 0.248093
vn -0.059518 0.798971 0.598417
vn -0.961987 0.114156 -0.248093
vn 0.059518 -0.798971 -0.598416
usemtl 
s off
f 1//1 2//1 3//1 4//1
f 5//2 8//2 7//2 6//2
f 1//3 5//3 6//3 2//3
f 2//4 6//4 7//4 3//4
f 3//5 7//5 8//5 4//5
f 5//6 1//6 4//6 8//6
o Cube.014_Cube.025
v -2.201781 1.410572 0.797620
v -2.370843 1.299409 0.489639
v -2.057760 1.143057 0.374210
v -1.888698 1.254219 0.682191
v -1.853571 2.553508 0.193944
v -2.022633 2.442345 -0.114037
v -1.709549 2.285993 -0.229466
v -1.540487 2.397155 0.078514
vn -0.260121 -0.853799 0.450960
vn 0.260121 0.853799 -0.450960
vn -0.849619 0.424296 0.313242
vn -0.458786 -0.301663 -0.835772
vn 0.849619 -0.424296 -0.313242
vn 0.458786 0.301663 0.835772
usemtl 
s off
f 9//7 10//7 11//7 12//7
f 13//8 16//8 15//8 14//8
f 9//9 13//9 14//9 10//9
f 10//10 14//10 15//10 11//10
f 11//11 15//11 16//11 12//11
f 13//12 9//12 12//12 16//12
o Cube.013_Cube.024
v -2.506861 0.386794 1.581243
v -2.522724 0.173408 1.281233
v -2.161570 0.106098 1.310012
v -2.145707 0.319483 1.610022
v -2.247249 1.450420 0.810998
v -2.263112 1.237035 0.510988
v -1.901958 1.169724 0.539768
v -1.886095 1.383110 0.839777
vn -0.193936 -0.794553 0.575390
vn 0.193936 0.794553 -0.575390
vn -0.980069 0.182661 -0.078098
vn -0.043048 -0.579068 -0.814142
vn 0.980069 -0.182661 0.078098
vn 0.043048 0.579068 0.814142
usemtl 
s off
f 17//13 18//13 19//13 20//13
f 21//14 24//14 23//14 22//14
f 17//15 21//15 22//15 18//15
f 18//16 22//16 23//16 19//16
f 19//17 23//17 24//17 20//17
f 21//18 17//18 20//18 24//18
o Cube.011_Cube.022
v 0.666769 0.212695 -2.164965
v 0.635046 -0.042900 -1.698333
v 0.242630 0.063866 -1.666530
v 0.274353 0.319461 -2.133162
v 0.765135 0.521812 -1.988961
v 0.733413 0.266217 -1.522329
v 0.340997 0.372983 -1.490526
v 0.372720 0.628578 -1.957158
vn -0.266532 -0.837575 -0.476896
vn 0.266532 0.837575 0.476896
vn 0.961987 -0.261731 -0.077964
vn -0.059518 -0.479547 0.875495
vn -0.961987 0.261731 0.077964
vn 0.059518 0.479547 -0.875495
usemtl 
s off
f 25//19 26//19 27//19 28//19
f 29//20 32//20 31//20 30//20
f 25//21 29//21 30//21 26//21
f 26//22 30//22 31//22 27//22
f 27//23 31//23 32//23 28//23
f 29//24 25//24 28//24 32//24
o Cube.010_Cube.021
v 0.697679 0.559145 -1.838018
v 0.713518 0.358504 -1.529338
v 0.352267 0.290469 -1.555023
v 0.336427 0.491110 -1.863703
v 0.439845 1.654426 -1.112857
v 0.455685 1.453785 -0.804177
v 0.094433 1.385751 -0.829862
v 0.078593 1.586392 -1.138542
vn 0.192608 -0.818200 -0.541712
vn -0.192608 0.818200 0.541712
vn 0.980334 0.184627 0.069702
vn 0.042984 -0.544483 0.837670
vn -0.980334 -0.184627 -0.069702
vn -0.042985 0.544483 -0.837670
usemtl 
s off
f 33//25 34//25 35//25 36//25
f 37//26 40//26 39//26 38//26
f 33//27 37//27 38//27 34//27
f 34//28 38//28 39//28 35//28
f 35//29 39//29 40//29 36//29
f 37//30 33//30 36//30 40//30
o Cube.009_Cube.020
v 0.424602 1.738045 -1.121981
v 0.461229 1.467793 -0.874164
v 0.133287 1.332241 -0.973517
v 0.096660 1.602494 -1.221334
v -0.171248 2.503338 -0.199339
v -0.134621 2.233085 0.048478
v -0.462563 2.097534 -0.050876
v -0.499190 2.367786 -0.298693
vn 0.445113 -0.571691 -0.689234
vn -0.445114 0.571691 0.689234
vn 0.889941 0.367848 0.269617
vn 0.099395 -0.733388 0.672505
vn -0.889941 -0.367848 -0.269617
vn -0.099396 0.733388 -0.672505
usemtl 
s off
f 41//31 42//31 43//31 44//31
f 45//32 48//32 47//32 46//32
f 41//33 45//33 46//33 42//33
f 42//34 46//34 47//34 43//34
f 43//35 47//35 48//35 44//35
f 45//36 41//36 44//36 48//36
o Cube.008_Cube.019
v -1.146648 -2.586920 -1.666445
v -1.146648 -2.997770 -1.828361
v -1.588252 -2.997770 -1.828361
v -1.588252 -2.586920 -1.666445
v -1.146648 -3.175116 -0.173948
v -1.146648 -3.585965 -0.335865
v -1.588252 -3.585965 -0.335865
v -1.588252 -3.175116 -0.173948
vn 0.000000 0.366655 -0.930357
vn -0.000000 -0.366655 0.930357
vn 1.000000 -0.000000 -0.000000
vn -0.000000 -0.930357 -0.366655
vn -1.000000 0.000000 0.000000
vn 0.000000 0.930357 0.366655
usemtl 
s off
f 49//37 50//37 51//37 52//37
f 53//38 56//38 55//38 54//38
f 49//39 53//39 54//39 50//39
f 50//40 54//40 55//40 51//40
f 51//41 55//41 56//41 52//41
f 53//42 49//42 52//42 56//42
o Cube.007_Cube.018
v -1.146648 -2.793164 -1.436598
v -1.146648 -2.950368 -1.023923
v -1.588252 -2.950368 -1.023923
v -1.588252 -2.793163 -1.436598
v -1.146648 -1.294034 -0.865520
v -1.146648 -1.451238 -0.452845
v -1.588252 -1.451238 -0.452845
v -1.588252 -1.294034 -0.865520
vn -0.000000 -0.934492 -0.355985
vn -0.000000 0.934492 0.355985
vn -0.000000 -0.355985 0.934492
vn 0.000000 0.355985 -0.934492
usemtl 
s off
f 57//43 58//43 59//43 60//43
f 61//44 64//44 63//44 62//44
f 57//39 61//39 62//39 58//39
f 58//45 62//45 63//45 59//45
f 59//41 63//41 64//41 60//41
f 61//46 57//46 60//46 64//46
o Cube.006_Cube.017
v -1.146648 -1.296332 -0.786330
v -1.146648 -1.408087 -0.359101
v -1.588252 -1.408087 -0.359101
v -1.588252 -1.296332 -0.786330
v -1.146648 0.255668 -0.380356
v -1.146648 0.143913 0.046873
v -1.588252 0.143913 0.046873
v -1.588252 0.255668 -0.380356
vn 0.000000 -0.967449 -0.253066
vn -0.000000 0.967449 0.253066
vn -0.000000 -0.253066 0.967449
vn 0.000000 0.253066 -0.967449
usemtl 
s off
f 65//47 66//47 67//47 68//47
f 69//48 72//48 71//48 70//48
f 65//39 69//39 70//39 66//39
f 66//49 70//49 71//49 67//49
f 67//41 71//41 72//41 68//41
f 69//50 65//50 68//50 72//50
o Cube.005_Cube.016
v -0.427949 -2.351382 0.186819
v -0.427949 -1.988665 0.414980
v -0.990725 -1.988665 0.414980
v -0.990725 -2.351382 0.186819
v -0.427949 -1.682765 -0.876112
v -0.427950 -1.320047 -0.647951
v -0.990725 -1.320047 -0.647951
v -0.990725 -1.682765 -0.876112
vn -0.000000 -0.532451 0.846461
vn 0.000000 0.532451 -0.846461
vn -0.000000 0.846461 0.532451
vn 0.000000 -0.846461 -0.532451
usemtl 
s off
f 73//51 74//51 75//51 76//51
f 77//52 80//52 79//52 78//52
f 73//39 77//39 78//39 74//39
f 74//53 78//53 79//53 75//53
f 75//41 79//41 80//41 76//41
f 77//54 73//54 76//54 80//54
o Cube.004_Cube.015
v -0.448197 -2.120511 -0.790929
v -0.448197 -2.433424 -0.431759
v -0.970478 -2.433424 -0.431759
v -0.970478 -2.120511 -0.790929
v -0.448197 -0.380441 0.725040
v -0.448197 -0.693354 1.084210
v -0.970478 -0.693354 1.084210
v -0.970478 -0.380441 0.725040
vn -0.000000 -0.753990 -0.656885
vn -0.000000 0.753990 0.656885
vn -0.000000 -0.656885 0.753990
vn 0.000000 0.656885 -0.753990
usemtl 
s off
f 81//55 82//55 83//55 84//55
f 85//56 88//56 87//56 86//56
f 81//39 85//39 86//39 82//39
f 82//57 86//57 87//57 83//57
f 83//41 87//41 88//41 84//41
f 85//58 81//58 84//58 88//58
o Cube.003_Cube.014
v -0.427949 -1.032202 0.155513
v -0.427949 -0.866110 0.550526
v -0.990725 -0.866110 0.550526
v -0.990725 -1.032202 0.155513
v -0.427949 0.125368 -0.331214
v -0.427950 0.291460 0.063798
v -0.990725 0.291460 0.063798
v -0.990725 0.125368 -0.331214
vn 0.000000 -0.921826 0.387603
vn 0.000000 0.921826 -0.387603
vn -0.000000 0.387603 0.921826
vn 0.000000 -0.387603 -0.921826
usemtl 
s off
f 89//59 90//59 91//59 92//59
f 93//60 96//60 95//60 94//60
f 89//39 93//39 94//39 90//39
f 90//61 94//61 95//61 91//61
f 91//41 95//41 96//41 92//41
f 93//62 89//62 92//62 96//62
o Cube.002_Cube.013
v -0.269446 3.087724 -0.735888
v -0.269446 3.087724 0.702803
v -1.708137 3.087724 0.702802
v -1.708137 3.087724 -0.735889
v -0.269445 4.526415 -0.735888
v -0.269446 4.526415 0.702803
v -1.708137 4.526415 0.702802
v -1.708136 4.526415 -0.735889
vn 0.000000 -1.000000 0.000000
vn 0.000000 1.000000 0.000000
vn -0.000000 0.000000 1.000000
vn 0.000000 0.000000 -1.000000
usemtl 
s off
f 97//63 98//63 99//63 100//63
f 101//64 104//64 103//64 102//64
f 97//39 101//39 102//39 98//39
f 98//65 102//65 103//65 99//65
f 99//41 103//41 104//41 100//41
f 101//66 97//66 100//66 104//66
o Cube.001_Cube.012
v -0.763576 2.673978 -0.447929
v -0.763576 2.673978 0.002502
v -1.214007 2.673978 0.002502
v -1.214006 2.673978 -0.447929
v -0.763576 3.153352 -0.447929
v -0.763576 3.153352 0.002502
v -1.214007 3.153352 0.002502
v -1.214006 3.153352 -0.447929
usemtl 
s off
f 105//63 106//63 107//63 108//63
f 109//64 112//64 111//64 110//64
f 105//39 109//39 110//39 106//39
f 106//65 110//65 111//65 107//65
f 107//41 111//41 112//41 108//41
f 109//66 105//66 108//66 112//66
o Cube_Cube.011
v -0.333995 0.110304 -0.946233
v -0.333995 0.110304 0.363359
v -1.643587 0.110304 0.363359
v -1.643587 0.110304 -0.946233
v -0.333995 2.693193 -0.946233
v -0.333995 2.693193 0.363360
v -1.643588 2.693193 0.363359
v -1.643587 2.693193 -0.946233
usemtl 
s off
f 113//63 114//63 115//63 116//63
f 117//64 120//64 119//64 118//64
f 113//39 117//39 118//39 114//39
f 114//65 118//65 119//65 115//65
f 115//41 119//41 120//41 116//41
f 117//66 113//66 116//66 120//66
