# Blender v2.59 (sub 0) OBJ File: 'zombie.blend'
# www.blender.org
mtllib zombie_000014.mtl
o Cube.015_Cube.026
v -2.292343 0.121921 0.741996
v -2.325177 0.341433 1.226575
v -2.720710 0.419477 1.164421
v -2.687876 0.199965 0.679842
v -2.204988 0.450732 0.598964
v -2.237822 0.670245 1.083543
v -2.633355 0.748289 1.021389
v -2.600522 0.528776 0.536810
vn -0.236695 -0.890941 0.387556
vn 0.236695 0.890941 -0.387556
vn 0.969629 -0.191321 0.152367
vn -0.061603 0.411850 0.909167
vn -0.969629 0.191321 -0.152367
vn 0.061602 -0.411850 -0.909167
usemtl 
s off
f 1//1 2//1 3//1 4//1
f 5//2 8//2 7//2 6//2
f 1//3 5//3 6//3 2//3
f 2//4 6//4 7//4 3//4
f 3//5 7//5 8//5 4//5
f 5//6 1//6 4//6 8//6
o Cube.014_Cube.025
v -2.202260 1.350795 0.445509
v -2.355560 1.287871 0.116372
v -2.032507 1.163953 -0.010404
v -1.879208 1.226876 0.318733
v -1.878823 2.590586 0.057845
v -2.032123 2.527663 -0.271292
v -1.709070 2.403744 -0.398067
v -1.555770 2.466667 -0.068931
vn -0.241615 -0.926152 0.289594
vn 0.241615 0.926152 -0.289593
vn -0.876673 0.336281 0.344033
vn -0.416012 -0.170755 -0.893183
vn 0.876673 -0.336281 -0.344033
vn 0.416012 0.170755 0.893183
usemtl 
s off
f 9//7 10//7 11//7 12//7
f 13//8 16//8 15//8 14//8
f 9//9 13//9 14//9 10//9
f 10//10 14//10 15//10 11//10
f 11//11 15//11 16//11 12//11
f 13//12 9//12 12//12 16//12
o Cube.013_Cube.024
v -2.492668 0.623074 1.027040
v -2.504781 0.442309 0.706154
v -2.141756 0.382310 0.726249
v -2.129642 0.563076 1.047135
v -2.267063 1.769049 0.372959
v -2.279177 1.588283 0.052073
v -1.916151 1.528285 0.072167
v -1.904038 1.709051 0.393054
vn -0.168532 -0.856069 0.488613
vn 0.168532 0.856069 -0.488613
vn -0.985148 0.162819 -0.054531
vn -0.032873 -0.490547 -0.870795
vn 0.985148 -0.162819 0.054531
vn 0.032873 0.490547 0.870795
usemtl 
s off
f 17//13 18//13 19//13 20//13
f 21//14 24//14 23//14 22//14
f 17//15 21//15 22//15 18//15
f 18//16 22//16 23//16 19//16
f 19//17 23//17 24//17 20//17
f 21//18 17//18 20//18 24//18
o Cube.011_Cube.022
v 0.666769 0.006288 -1.487177
v 0.635046 -0.249307 -1.020545
v 0.242630 -0.142541 -0.988741
v 0.274353 0.113054 -1.455374
v 0.765135 0.315404 -1.311173
v 0.733413 0.059809 -0.844541
v 0.340997 0.166575 -0.812738
v 0.372720 0.422170 -1.279370
vn -0.266532 -0.837575 -0.476896
vn 0.266532 0.837575 0.476896
vn 0.961987 -0.261731 -0.077964
vn -0.059518 -0.479547 0.875495
vn -0.961987 0.261731 0.077964
vn 0.059518 0.479547 -0.875495
usemtl 
s off
f 25//19 26//19 27//19 28//19
f 29//20 32//20 31//20 30//20
f 25//21 29//21 30//21 26//21
f 26//22 30//22 31//22 27//22
f 27//23 31//23 32//23 28//23
f 29//24 25//24 28//24 32//24
o Cube.010_Cube.021
v 0.696791 0.150331 -1.288692
v 0.712561 0.089385 -0.925611
v 0.351201 0.017293 -0.922018
v 0.335432 0.078239 -1.285099
v 0.440911 1.444307 -1.060375
v 0.456680 1.383361 -0.697294
v 0.095320 1.311269 -0.693701
v 0.079551 1.372215 -1.056782
vn 0.191148 -0.966629 -0.170558
vn -0.191148 0.966629 0.170558
vn 0.980628 0.195637 -0.009751
vn 0.042793 -0.165390 0.985299
vn -0.980628 -0.195637 0.009751
vn -0.042793 0.165390 -0.985299
usemtl 
s off
f 33//25 34//25 35//25 36//25
f 37//26 40//26 39//26 38//26
f 33//27 37//27 38//27 34//27
f 34//28 38//28 39//28 35//28
f 35//29 39//29 40//29 36//29
f 37//30 33//30 36//30 40//30
o Cube.009_Cube.020
v 0.394900 1.381381 -0.926505
v 0.420625 1.266263 -0.577395
v 0.081375 1.124062 -0.599287
v 0.055650 1.239180 -0.948396
v -0.119336 2.543382 -0.505445
v -0.093611 2.428265 -0.156336
v -0.432862 2.286064 -0.178227
v -0.458587 2.401182 -0.527336
vn 0.384146 -0.868041 -0.314541
vn -0.384146 0.868041 0.314541
vn 0.920629 0.385892 0.059407
vn 0.069811 -0.312397 0.947383
vn -0.920629 -0.385892 -0.059407
vn -0.069811 0.312397 -0.947383
usemtl 
s off
f 41//31 42//31 43//31 44//31
f 45//32 48//32 47//32 46//32
f 41//33 45//33 46//33 42//33
f 42//34 46//34 47//34 43//34
f 43//35 47//35 48//35 44//35
f 45//36 41//36 44//36 48//36
o Cube.008_Cube.019
v -1.146648 -2.714485 0.662846
v -1.146648 -3.134194 0.800172
v -1.588252 -3.134194 0.800172
v -1.588252 -2.714484 0.662846
v -1.146648 -2.215620 2.187528
v -1.146648 -2.635329 2.324853
v -1.588252 -2.635329 2.324853
v -1.588252 -2.215620 2.187528
vn -0.000000 -0.310970 -0.950420
vn 0.000000 0.310970 0.950420
vn 1.000000 -0.000000 0.000000
vn -0.000000 -0.950420 0.310970
vn -1.000000 0.000000 -0.000000
vn 0.000001 0.950420 -0.310970
usemtl 
s off
f 49//37 50//37 51//37 52//37
f 53//38 56//38 55//38 54//38
f 49//39 53//39 54//39 50//39
f 50//40 54//40 55//40 51//40
f 51//41 55//41 56//41 52//41
f 53//42 49//42 52//42 56//42
o Cube.007_Cube.018
v -1.146648 -2.731909 0.811329
v -1.146648 -2.608181 1.235246
v -1.588252 -2.608181 1.235246
v -1.588252 -2.731909 0.811329
v -1.146648 -1.191942 0.361861
v -1.146648 -1.068214 0.785778
v -1.588252 -1.068214 0.785778
v -1.588252 -1.191942 0.361861
vn -0.000000 -0.959948 0.280179
vn 0.000000 0.959948 -0.280178
vn -0.000000 0.280178 0.959948
vn 0.000000 -0.280178 -0.959948
usemtl 
s off
f 57//43 58//43 59//43 60//43
f 61//44 64//44 63//44 62//44
f 57//39 61//39 62//39 58//39
f 58//45 62//45 63//45 59//45
f 59//41 63//41 64//41 60//41
f 61//46 57//46 60//46 64//46
o Cube.006_Cube.017
v -1.146648 -1.281053 0.583723
v -1.146648 -1.027413 0.945222
v -1.588252 -1.027413 0.945222
v -1.588252 -1.281053 0.583723
v -1.146648 0.032166 -0.337676
v -1.146648 0.285806 0.023823
v -1.588252 0.285806 0.023823
v -1.588252 0.032166 -0.337676
vn -0.000000 -0.818603 0.574360
vn 0.000000 0.818603 -0.574359
vn -0.000000 0.574360 0.818603
vn 0.000000 -0.574360 -0.818603
usemtl 
s off
f 65//47 66//47 67//47 68//47
f 69//48 72//48 71//48 70//48
f 65//39 69//39 70//39 66//39
f 66//49 70//49 71//49 67//49
f 67//41 71//41 72//41 68//41
f 69//50 65//50 68//50 72//50
o Cube.005_Cube.016
v -0.427949 -3.400145 -2.153995
v -0.427949 -3.229557 -1.760903
v -0.990725 -3.229557 -1.760903
v -0.990725 -3.400145 -2.153995
v -0.427949 -2.248204 -2.653896
v -0.427950 -2.077615 -2.260804
v -0.990725 -2.077615 -2.260804
v -0.990725 -2.248204 -2.653896
vn -0.000000 -0.917344 0.398095
vn 0.000000 0.917344 -0.398095
vn -0.000000 0.398095 0.917344
vn 0.000000 -0.398095 -0.917344
usemtl 
s off
f 73//51 74//51 75//51 76//51
f 77//52 80//52 79//52 78//52
f 73//39 77//39 78//39 74//39
f 74//53 78//53 79//53 75//53
f 75//41 79//41 80//41 76//41
f 77//54 73//54 76//54 80//54
o Cube.004_Cube.015
v -0.448197 -2.289989 -2.684371
v -0.448197 -2.661543 -2.386268
v -0.970478 -2.661543 -2.386268
v -0.970478 -2.289989 -2.684371
v -0.448197 -0.845769 -0.884306
v -0.448197 -1.217322 -0.586203
v -0.970478 -1.217322 -0.586203
v -0.970478 -0.845769 -0.884306
vn 0.000000 -0.625796 -0.779987
vn 0.000000 0.625796 0.779987
vn -0.000000 -0.779987 0.625796
vn 0.000000 0.779987 -0.625796
usemtl 
s off
f 81//55 82//55 83//55 84//55
f 85//56 88//56 87//56 86//56
f 81//39 85//39 86//39 82//39
f 82//57 86//57 87//57 83//57
f 83//41 87//41 88//41 84//41
f 85//58 81//58 84//58 88//58
o Cube.003_Cube.014
v -0.427949 -0.884448 -0.989158
v -0.427949 -1.033555 -0.587425
v -0.990725 -1.033555 -0.587425
v -0.990725 -0.884448 -0.989158
v -0.427949 0.292813 -0.552205
v -0.427950 0.143706 -0.150473
v -0.990725 0.143706 -0.150473
v -0.990725 0.292813 -0.552205
vn 0.000000 -0.937507 -0.347965
vn 0.000000 0.937507 0.347966
vn -0.000000 -0.347966 0.937507
vn 0.000000 0.347966 -0.937507
usemtl 
s off
f 89//59 90//59 91//59 92//59
f 93//60 96//60 95//60 94//60
f 89//39 93//39 94//39 90//39
f 90//61 94//61 95//61 91//61
f 91//41 95//41 96//41 92//41
f 93//62 89//62 92//62 96//62
o Cube.002_Cube.013
v -0.269446 2.955876 -0.735888
v -0.269446 2.955876 0.702803
v -1.708137 2.955876 0.702802
v -1.708137 2.955876 -0.735889
v -0.269445 4.394567 -0.735888
v -0.269446 4.394567 0.702803
v -1.708137 4.394567 0.702802
v -1.708136 4.394567 -0.735889
vn 0.000000 -1.000000 0.000000
vn 0.000000 1.000000 0.000000
vn -0.000000 0.000000 1.000000
vn 0.000000 0.000000 -1.000000
usemtl 
s off
f 97//63 98//63 99//63 100//63
f 101//64 104//64 103//64 102//64
f 97//39 101//39 102//39 98//39
f 98//65 102//65 103//65 99//65
f 99//41 103//41 104//41 100//41
f 101//66 97//66 100//66 104//66
o Cube.001_Cube.012
v -0.763576 2.542130 -0.447929
v -0.763576 2.542130 0.002502
v -1.214007 2.542130 0.002502
v -1.214006 2.542130 -0.447929
v -0.763576 3.021503 -0.447929
v -0.763576 3.021503 0.002502
v -1.214007 3.021503 0.002502
v -1.214006 3.021503 -0.447929
usemtl 
s off
f 105//63 106//63 107//63 108//63
f 109//64 112//64 111//64 110//64
f 105//39 109//39 110//39 106//39
f 106//65 110//65 111//65 107//65
f 107//41 111//41 112//41 108//41
f 109//66 105//66 108//66 112//66
o Cube_Cube.011
v -0.333995 -0.021545 -0.946233
v -0.333995 -0.021545 0.363359
v -1.643587 -0.021545 0.363359
v -1.643587 -0.021545 -0.946233
v -0.333995 2.561344 -0.946233
v -0.333995 2.561344 0.363360
v -1.643588 2.561344 0.363359
v -1.643587 2.561344 -0.946233
usemtl 
s off
f 113//63 114//63 115//63 116//63
f 117//64 120//64 119//64 118//64
f 113//39 117//39 118//39 114//39
f 114//65 118//65 119//65 115//65
f 115//41 119//41 120//41 116//41
f 117//66 113//66 116//66 120//66
