# Blender v2.59 (sub 0) OBJ File: 'zombie.blend'
# www.blender.org
mtllib zombie_000019.mtl
o Cube.015_Cube.026
v -2.299963 0.285986 1.873283
v -2.331686 0.711831 2.192235
v -2.724102 0.758398 2.091032
v -2.692379 0.332552 1.772081
v -2.201597 0.503892 1.592131
v -2.233320 0.929738 1.911082
v -2.625735 0.976304 1.809879
v -2.594012 0.550459 1.490928
vn -0.266532 -0.590435 0.761806
vn 0.266532 0.590435 -0.761805
vn 0.961987 -0.114156 0.248092
vn -0.059518 0.798971 0.598416
vn -0.961987 0.114156 -0.248093
vn 0.059518 -0.798971 -0.598416
usemtl 
s off
f 1//1 2//1 3//1 4//1
f 5//2 8//2 7//2 6//2
f 1//3 5//3 6//3 2//3
f 2//4 6//4 7//4 3//4
f 3//5 7//5 8//5 4//5
f 5//6 1//6 4//6 8//6
o Cube.014_Cube.025
v -2.202498 1.554996 0.901506
v -2.371555 1.387256 0.620304
v -2.058601 1.211419 0.537047
v -1.889544 1.379158 0.818248
v -1.852729 2.561300 0.090956
v -2.021786 2.393560 -0.190246
v -1.708832 2.217723 -0.273503
v -1.539775 2.385462 0.007698
vn -0.261285 -0.751732 0.605499
vn 0.261285 0.751732 -0.605499
vn -0.849269 0.477173 0.225938
vn -0.458773 -0.455197 -0.763101
vn 0.849269 -0.477173 -0.225938
vn 0.458773 0.455197 0.763101
usemtl 
s off
f 9//7 10//7 11//7 12//7
f 13//8 16//8 15//8 14//8
f 9//9 13//9 14//9 10//9
f 10//10 14//10 15//10 11//10
f 11//11 15//11 16//11 12//11
f 13//12 9//12 12//12 16//12
o Cube.013_Cube.024
v -2.506122 0.819421 1.782995
v -2.521642 0.531933 1.552993
v -2.160368 0.475690 1.598915
v -2.144848 0.763178 1.828917
v -2.248451 1.631544 0.750504
v -2.263971 1.344056 0.520502
v -1.902697 1.287814 0.566424
v -1.887177 1.575302 0.796426
vn -0.192486 -0.606675 0.771294
vn 0.192486 0.606675 -0.771294
vn -0.980395 0.152627 -0.124619
vn -0.042118 -0.780161 -0.624160
vn 0.980395 -0.152627 0.124619
vn 0.042118 0.780161 0.624160
usemtl 
s off
f 17//13 18//13 19//13 20//13
f 21//14 24//14 23//14 22//14
f 17//15 21//15 22//15 18//15
f 18//16 22//16 23//16 19//16
f 19//17 23//17 24//17 20//17
f 21//18 17//18 20//18 24//18
o Cube.011_Cube.022
v 0.666769 0.239900 -2.324825
v 0.635046 -0.015695 -1.858193
v 0.242630 0.091071 -1.826390
v 0.274353 0.346666 -2.293022
v 0.765135 0.549016 -2.148821
v 0.733413 0.293422 -1.682189
v 0.340997 0.400188 -1.650386
v 0.372720 0.655783 -2.117018
vn -0.266532 -0.837575 -0.476896
vn 0.266532 0.837575 0.476896
vn 0.961987 -0.261731 -0.077964
vn -0.059518 -0.479547 0.875495
vn -0.961987 0.261731 0.077964
vn 0.059518 0.479547 -0.875495
usemtl 
s off
f 25//19 26//19 27//19 28//19
f 29//20 32//20 31//20 30//20
f 25//21 29//21 30//21 26//21
f 26//22 30//22 31//22 27//22
f 27//23 31//23 32//23 28//23
f 29//24 25//24 28//24 32//24
o Cube.010_Cube.021
v 0.698813 0.571691 -2.080726
v 0.715015 0.363526 -1.777088
v 0.353932 0.295308 -1.804589
v 0.337730 0.503473 -2.108227
v 0.438179 1.648131 -1.328846
v 0.454381 1.439967 -1.025208
v 0.093298 1.371748 -1.052709
v 0.077096 1.579913 -1.356347
vn 0.194699 -0.804125 -0.561672
vn -0.194699 0.804125 0.561672
vn 0.979877 0.185125 0.074630
vn 0.043968 -0.564900 0.823987
vn -0.979877 -0.185125 -0.074630
vn -0.043968 0.564900 -0.823987
usemtl 
s off
f 33//25 34//25 35//25 36//25
f 37//26 40//26 39//26 38//26
f 33//27 37//27 38//27 34//27
f 34//28 38//28 39//28 35//28
f 35//29 39//29 40//29 36//29
f 37//30 33//30 36//30 40//30
o Cube.009_Cube.020
v 0.424719 1.713935 -1.218475
v 0.461029 1.436941 -0.978170
v 0.133033 1.304422 -1.081361
v 0.096724 1.581416 -1.321667
v -0.170995 2.454009 -0.275399
v -0.134685 2.177015 -0.035093
v -0.462681 2.044496 -0.138285
v -0.498991 2.321490 -0.378591
vn 0.445012 -0.552852 -0.704499
vn -0.445012 0.552852 0.704499
vn 0.890087 0.359619 0.280033
vn 0.098535 -0.751684 0.652122
vn -0.890087 -0.359619 -0.280033
vn -0.098534 0.751684 -0.652122
usemtl 
s off
f 41//31 42//31 43//31 44//31
f 45//32 48//32 47//32 46//32
f 41//33 45//33 46//33 42//33
f 42//34 46//34 47//34 43//34
f 43//35 47//35 48//35 44//35
f 45//36 41//36 44//36 48//36
o Cube.008_Cube.019
v -1.146648 -3.022456 0.005299
v -1.146648 -3.454280 0.097723
v -1.588252 -3.454280 0.097723
v -1.588252 -3.022456 0.005299
v -1.146648 -2.686708 1.573991
v -1.146648 -3.118532 1.666414
v -1.588252 -3.118532 1.666414
v -1.588252 -2.686708 1.573991
vn 0.000000 -0.209291 -0.977853
vn -0.000000 0.209291 0.977853
vn 1.000000 -0.000000 0.000000
vn -0.000000 -0.977853 0.209291
vn -1.000000 0.000000 -0.000000
vn 0.000000 0.977853 -0.209291
usemtl 
s off
f 49//37 50//37 51//37 52//37
f 53//38 56//38 55//38 54//38
f 49//39 53//39 54//39 50//39
f 50//40 54//40 55//40 51//40
f 51//41 55//41 56//41 52//41
f 53//42 49//42 52//42 56//42
o Cube.007_Cube.018
v -1.146648 -3.020131 0.230416
v -1.146648 -2.942883 0.665212
v -1.588252 -2.942883 0.665212
v -1.588252 -3.020131 0.230416
v -1.146648 -1.440646 -0.050203
v -1.146648 -1.363398 0.384593
v -1.588252 -1.363398 0.384592
v -1.588252 -1.440646 -0.050203
vn -0.000000 -0.984582 0.174926
vn -0.000000 0.984582 -0.174926
vn -0.000000 0.174926 0.984582
vn 0.000000 -0.174926 -0.984582
usemtl 
s off
f 57//43 58//43 59//43 60//43
f 61//44 64//44 63//44 62//44
f 57//39 61//39 62//39 58//39
f 58//45 62//45 63//45 59//45
f 59//41 63//41 64//41 60//41
f 61//46 57//46 60//46 64//46
o Cube.006_Cube.017
v -1.146648 -1.408100 0.020965
v -1.146648 -1.285986 0.445350
v -1.588252 -1.285986 0.445350
v -1.588252 -1.408100 0.020965
v -1.146648 0.133567 -0.422638
v -1.146648 0.255681 0.001747
v -1.588252 0.255681 0.001746
v -1.588252 0.133567 -0.422638
vn -0.000000 -0.961007 0.276523
vn 0.000000 0.961007 -0.276523
vn -0.000000 0.276523 0.961007
vn 0.000000 -0.276523 -0.961007
usemtl 
s off
f 65//47 66//47 67//47 68//47
f 69//48 72//48 71//48 70//48
f 65//39 69//39 70//39 66//39
f 66//49 70//49 71//49 67//49
f 67//41 71//41 72//41 68//41
f 69//50 65//50 68//50 72//50
o Cube.005_Cube.016
v -0.427949 -2.439054 -2.573712
v -0.427949 -2.375230 -2.149981
v -0.990725 -2.375230 -2.149981
v -0.990725 -2.439054 -2.573712
v -0.427949 -1.197326 -2.760747
v -0.427950 -1.133502 -2.337016
v -0.990725 -1.133502 -2.337016
v -0.990725 -1.197326 -2.760747
vn 0.000000 -0.988845 0.148945
vn -0.000000 0.988845 -0.148945
vn -0.000000 0.148945 0.988846
vn 0.000000 -0.148945 -0.988846
usemtl 
s off
f 73//51 74//51 75//51 76//51
f 77//52 80//52 79//52 78//52
f 73//39 77//39 78//39 74//39
f 74//53 78//53 79//53 75//53
f 75//41 79//41 80//41 76//41
f 77//54 73//54 76//54 80//54
o Cube.004_Cube.015
v -0.448197 -1.292974 -2.452868
v -0.448197 -1.759300 -2.355622
v -0.970478 -1.759300 -2.355622
v -0.970478 -1.292974 -2.452868
v -0.448197 -0.821843 -0.193655
v -0.448197 -1.288169 -0.096409
v -0.970478 -1.288169 -0.096409
v -0.970478 -0.821842 -0.193655
vn 0.000000 -0.204146 -0.978941
vn -0.000000 0.204146 0.978940
vn -0.000000 -0.978940 0.204146
vn 0.000000 0.978940 -0.204146
usemtl 
s off
f 81//55 82//55 83//55 84//55
f 85//56 88//56 87//56 86//56
f 81//39 85//39 86//39 82//39
f 82//57 86//57 87//57 83//57
f 83//41 87//41 88//41 84//41
f 85//58 81//58 84//58 88//58
o Cube.003_Cube.014
v -0.427949 -1.004046 -0.402227
v -0.427949 -0.991930 0.026113
v -0.990725 -0.991930 0.026113
v -0.990725 -1.004046 -0.402227
v -0.427949 0.251187 -0.437732
v -0.427950 0.263303 -0.009393
v -0.990725 0.263303 -0.009393
v -0.990725 0.251187 -0.437733
vn -0.000000 -0.999600 0.028275
vn -0.000000 0.999600 -0.028275
vn -0.000000 0.028275 0.999600
vn 0.000000 -0.028275 -0.999600
usemtl 
s off
f 89//59 90//59 91//59 92//59
f 93//60 96//60 95//60 94//60
f 89//39 93//39 94//39 90//39
f 90//61 94//61 95//61 91//61
f 91//41 95//41 96//41 92//41
f 93//62 89//62 92//62 96//62
o Cube.002_Cube.013
v -0.269446 3.087477 -0.735888
v -0.269446 3.087477 0.702803
v -1.708137 3.087477 0.702802
v -1.708137 3.087477 -0.735889
v -0.269445 4.526168 -0.735888
v -0.269446 4.526168 0.702803
v -1.708137 4.526168 0.702802
v -1.708136 4.526168 -0.735889
vn 0.000000 -1.000000 0.000000
vn 0.000000 1.000000 0.000000
vn -0.000000 0.000000 1.000000
vn 0.000000 0.000000 -1.000000
usemtl 
s off
f 97//63 98//63 99//63 100//63
f 101//64 104//64 103//64 102//64
f 97//39 101//39 102//39 98//39
f 98//65 102//65 103//65 99//65
f 99//41 103//41 104//41 100//41
f 101//66 97//66 100//66 104//66
o Cube.001_Cube.012
v -0.763576 2.673731 -0.447929
v -0.763576 2.673731 0.002502
v -1.214007 2.673731 0.002502
v -1.214006 2.673731 -0.447929
v -0.763576 3.153105 -0.447929
v -0.763576 3.153105 0.002502
v -1.214007 3.153105 0.002502
v -1.214006 3.153105 -0.447929
usemtl 
s off
f 105//63 106//63 107//63 108//63
f 109//64 112//64 111//64 110//64
f 105//39 109//39 110//39 106//39
f 106//65 110//65 111//65 107//65
f 107//41 111//41 112//41 108//41
f 109//66 105//66 108//66 112//66
o Cube_Cube.011
v -0.333995 0.110056 -0.946233
v -0.333995 0.110056 0.363359
v -1.643587 0.110056 0.363359
v -1.643587 0.110056 -0.946233
v -0.333995 2.692946 -0.946233
v -0.333995 2.692946 0.363360
v -1.643588 2.692946 0.363359
v -1.643587 2.692946 -0.946233
usemtl 
s off
f 113//63 114//63 115//63 116//63
f 117//64 120//64 119//64 118//64
f 113//39 117//39 118//39 114//39
f 114//65 118//65 119//65 115//65
f 115//41 119//41 120//41 116//41
f 117//66 113//66 116//66 120//66
