# Blender v2.59 (sub 0) OBJ File: 'zombie.blend'
# www.blender.org
mtllib zombie_000021.mtl
o Cube.015_Cube.026
v -2.299963 0.119670 1.873283
v -2.331686 0.545515 2.192235
v -2.724102 0.592082 2.091032
v -2.692379 0.166236 1.772081
v -2.201597 0.337576 1.592131
v -2.233320 0.763422 1.911082
v -2.625735 0.809988 1.809879
v -2.594012 0.384143 1.490928
vn -0.266532 -0.590435 0.761806
vn 0.266532 0.590435 -0.761805
vn 0.961987 -0.114156 0.248092
vn -0.059518 0.798971 0.598416
vn -0.961987 0.114156 -0.248093
vn 0.059518 -0.798971 -0.598417
usemtl 
s off
f 1//1 2//1 3//1 4//1
f 5//2 8//2 7//2 6//2
f 1//3 5//3 6//3 2//3
f 2//4 6//4 7//4 3//4
f 3//5 7//5 8//5 4//5
f 5//6 1//6 4//6 8//6
o Cube.014_Cube.025
v -2.201745 1.545989 0.879912
v -2.371176 1.404480 0.584854
v -2.058337 1.236959 0.485556
v -1.888906 1.378468 0.780615
v -1.852993 2.621804 0.163691
v -2.022424 2.480294 -0.131368
v -1.709586 2.312773 -0.230665
v -1.540155 2.454283 0.064393
vn -0.260525 -0.803658 0.535034
vn 0.260525 0.803658 -0.535034
vn -0.848954 0.454605 0.269466
vn -0.459787 -0.384016 -0.800704
vn 0.848954 -0.454605 -0.269466
vn 0.459787 0.384016 0.800704
usemtl 
s off
f 9//7 10//7 11//7 12//7
f 13//8 16//8 15//8 14//8
f 9//9 13//9 14//9 10//9
f 10//10 14//10 15//10 11//10
f 11//11 15//11 16//11 12//11
f 13//12 9//12 12//12 16//12
o Cube.013_Cube.024
v -2.506708 0.613142 1.706464
v -2.522652 0.363593 1.435794
v -2.161489 0.300447 1.472739
v -2.145545 0.549997 1.743408
v -2.247331 1.571025 0.808042
v -2.263274 1.321476 0.537373
v -1.902111 1.258330 0.574317
v -1.886168 1.507880 0.844986
vn -0.193761 -0.715560 0.671141
vn 0.193760 0.715560 -0.671141
vn -0.980094 0.171359 -0.100256
vn -0.043267 -0.677207 -0.734519
vn 0.980094 -0.171359 0.100256
vn 0.043267 0.677207 0.734519
usemtl 
s off
f 17//13 18//13 19//13 20//13
f 21//14 24//14 23//14 22//14
f 17//15 21//15 22//15 18//15
f 18//16 22//16 23//16 19//16
f 19//17 23//17 24//17 20//17
f 21//18 17//18 20//18 24//18
o Cube.011_Cube.022
v 0.666769 0.374890 -2.252530
v 0.635046 0.119295 -1.785898
v 0.242630 0.226061 -1.754095
v 0.274353 0.481656 -2.220727
v 0.765135 0.684006 -2.076526
v 0.733413 0.428411 -1.609894
v 0.340997 0.535177 -1.578091
v 0.372720 0.790772 -2.044723
vn -0.266532 -0.837575 -0.476896
vn 0.266532 0.837575 0.476896
vn 0.961987 -0.261731 -0.077964
vn -0.059518 -0.479547 0.875495
vn -0.961987 0.261731 0.077964
vn 0.059518 0.479548 -0.875495
usemtl 
s off
f 25//19 26//19 27//19 28//19
f 29//20 32//20 31//20 30//20
f 25//21 29//21 30//21 26//21
f 26//22 30//22 31//22 27//22
f 27//23 31//23 32//23 28//23
f 29//24 25//24 28//24 32//24
o Cube.010_Cube.021
v 0.698354 0.742165 -1.948165
v 0.714298 0.517972 -1.656147
v 0.353134 0.451759 -1.687262
v 0.337190 0.675953 -1.979279
v 0.438977 1.776974 -1.139540
v 0.454921 1.552780 -0.847523
v 0.093758 1.486568 -0.878637
v 0.077814 1.710761 -1.170655
vn 0.193760 -0.773025 -0.604061
vn -0.193760 0.773025 0.604061
vn 0.980094 0.179682 0.084436
vn 0.043267 -0.608397 0.792453
vn -0.980094 -0.179682 -0.084436
vn -0.043267 0.608397 -0.792453
usemtl 
s off
f 33//25 34//25 35//25 36//25
f 37//26 40//26 39//26 38//26
f 33//27 37//27 38//27 34//27
f 34//28 38//28 39//28 35//28
f 35//29 39//29 40//29 36//29
f 37//30 33//30 36//30 40//30
o Cube.009_Cube.020
v 0.424602 1.821672 -1.122822
v 0.461230 1.550254 -0.876283
v 0.133288 1.415173 -0.976275
v 0.096661 1.686591 -1.222814
v -0.171250 2.582604 -0.196582
v -0.134622 2.311186 0.049958
v -0.462564 2.176105 -0.050034
v -0.499191 2.447522 -0.296574
vn 0.445115 -0.568433 -0.691922
vn -0.445115 0.568433 0.691922
vn 0.889940 0.366573 0.271350
vn 0.099396 -0.736551 0.669039
vn -0.889940 -0.366573 -0.271350
vn -0.099396 0.736551 -0.669039
usemtl 
s off
f 41//31 42//31 43//31 44//31
f 45//32 48//32 47//32 46//32
f 41//33 45//33 46//33 42//33
f 42//34 46//34 47//34 43//34
f 43//35 47//35 48//35 44//35
f 45//36 41//36 44//36 48//36
o Cube.008_Cube.019
v -1.146648 -2.885141 -0.787763
v -1.146648 -3.325916 -0.814806
v -1.588252 -3.325916 -0.814806
v -1.588252 -2.885141 -0.787763
v -1.146648 -2.983378 0.813445
v -1.146648 -3.424153 0.786403
v -1.588252 -3.424153 0.786403
v -1.588252 -2.983378 0.813445
vn 0.000000 0.061237 -0.998123
vn -0.000000 -0.061237 0.998123
vn 1.000000 -0.000000 0.000000
vn -0.000000 -0.998123 -0.061237
vn -1.000000 0.000000 -0.000000
vn 0.000000 0.998123 0.061237
usemtl 
s off
f 49//37 50//37 51//37 52//37
f 53//38 56//38 55//38 54//38
f 49//39 53//39 54//39 50//39
f 50//40 54//40 55//40 51//40
f 51//41 55//41 56//41 52//41
f 53//42 49//42 52//42 56//42
o Cube.007_Cube.018
v -1.146648 -2.980515 -0.561193
v -1.146648 -3.015647 -0.120989
v -1.588252 -3.015647 -0.120989
v -1.588252 -2.980515 -0.561193
v -1.146648 -1.381381 -0.433571
v -1.146648 -1.416512 0.006634
v -1.588252 -1.416512 0.006633
v -1.588252 -1.381381 -0.433571
vn 0.000000 -0.996831 -0.079554
vn -0.000000 0.996831 0.079554
vn -0.000000 -0.079554 0.996831
vn 0.000000 0.079554 -0.996831
usemtl 
s off
f 57//43 58//43 59//43 60//43
f 61//44 64//44 63//44 62//44
f 57//39 61//39 62//39 58//39
f 58//45 62//45 63//45 59//45
f 59//41 63//41 64//41 60//41
f 61//46 57//46 60//46 64//46
o Cube.006_Cube.017
v -1.146648 -1.369987 -0.367474
v -1.146648 -1.385643 0.073852
v -1.588252 -1.385643 0.073852
v -1.588252 -1.369987 -0.367474
v -1.146648 0.233224 -0.310602
v -1.146648 0.217568 0.130725
v -1.588252 0.217568 0.130725
v -1.588252 0.233224 -0.310602
vn 0.000000 -0.999371 -0.035452
vn -0.000000 0.999371 0.035452
vn -0.000000 -0.035452 0.999371
vn 0.000000 0.035452 -0.999371
usemtl 
s off
f 65//47 66//47 67//47 68//47
f 69//48 72//48 71//48 70//48
f 65//39 69//39 70//39 66//39
f 66//49 70//49 71//49 67//49
f 67//41 71//41 72//41 68//41
f 69//50 65//50 68//50 72//50
o Cube.005_Cube.016
v -0.427949 -2.180671 -1.954332
v -0.427949 -2.116847 -1.530601
v -0.990725 -2.116847 -1.530601
v -0.990725 -2.180671 -1.954332
v -0.427949 -0.938943 -2.141367
v -0.427950 -0.875119 -1.717636
v -0.990725 -0.875119 -1.717636
v -0.990725 -0.938943 -2.141367
vn -0.000000 -0.988845 0.148945
vn 0.000000 0.988846 -0.148945
vn -0.000000 0.148945 0.988845
vn 0.000000 -0.148945 -0.988846
usemtl 
s off
f 73//51 74//51 75//51 76//51
f 77//52 80//52 79//52 78//52
f 73//39 77//39 78//39 74//39
f 74//53 78//53 79//53 75//53
f 75//41 79//41 80//41 76//41
f 77//54 73//54 76//54 80//54
o Cube.004_Cube.015
v -0.448197 -1.083540 -1.868713
v -0.448197 -1.556080 -1.808520
v -0.970478 -1.556080 -1.808520
v -0.970478 -1.083540 -1.868713
v -0.448197 -0.791924 0.420603
v -0.448197 -1.264464 0.480796
v -0.970478 -1.264463 0.480796
v -0.970478 -0.791923 0.420603
vn 0.000000 -0.126360 -0.991984
vn 0.000000 0.126361 0.991984
vn -0.000000 -0.991984 0.126361
vn 0.000000 0.991984 -0.126361
usemtl 
s off
f 81//55 82//55 83//55 84//55
f 85//56 88//56 87//56 86//56
f 81//39 85//39 86//39 82//39
f 82//57 86//57 87//57 83//57
f 83//41 87//41 88//41 84//41
f 85//58 81//58 84//58 88//58
o Cube.003_Cube.014
v -0.427949 -1.033640 0.026146
v -0.427949 -0.903876 0.434537
v -0.990725 -0.903876 0.434537
v -0.990725 -1.033640 0.026146
v -0.427949 0.163133 -0.354123
v -0.427950 0.292898 0.054267
v -0.990725 0.292898 0.054267
v -0.990725 0.163133 -0.354123
vn 0.000000 -0.953046 0.302826
vn -0.000000 0.953046 -0.302826
vn -0.000000 0.302826 0.953046
vn 0.000000 -0.302826 -0.953046
usemtl 
s off
f 89//59 90//59 91//59 92//59
f 93//60 96//60 95//60 94//60
f 89//39 93//39 94//39 90//39
f 90//61 94//61 95//61 91//61
f 91//41 95//41 96//41 92//41
f 93//62 89//62 92//62 96//62
o Cube.002_Cube.013
v -0.269446 3.168819 -0.735888
v -0.269446 3.168819 0.702803
v -1.708137 3.168819 0.702802
v -1.708137 3.168819 -0.735889
v -0.269445 4.607510 -0.735888
v -0.269446 4.607510 0.702803
v -1.708137 4.607510 0.702802
v -1.708136 4.607510 -0.735889
vn 0.000000 -1.000000 0.000000
vn 0.000000 1.000000 0.000000
vn -0.000000 0.000000 1.000000
vn 0.000000 0.000000 -1.000000
usemtl 
s off
f 97//63 98//63 99//63 100//63
f 101//64 104//64 103//64 102//64
f 97//39 101//39 102//39 98//39
f 98//65 102//65 103//65 99//65
f 99//41 103//41 104//41 100//41
f 101//66 97//66 100//66 104//66
o Cube.001_Cube.012
v -0.763576 2.755073 -0.447929
v -0.763576 2.755073 0.002502
v -1.214007 2.755073 0.002502
v -1.214006 2.755073 -0.447929
v -0.763576 3.234447 -0.447929
v -0.763576 3.234447 0.002502
v -1.214007 3.234447 0.002502
v -1.214006 3.234447 -0.447929
usemtl 
s off
f 105//63 106//63 107//63 108//63
f 109//64 112//64 111//64 110//64
f 105//39 109//39 110//39 106//39
f 106//65 110//65 111//65 107//65
f 107//41 111//41 112//41 108//41
f 109//66 105//66 108//66 112//66
o Cube_Cube.011
v -0.333995 0.191399 -0.946233
v -0.333995 0.191399 0.363359
v -1.643587 0.191399 0.363359
v -1.643587 0.191399 -0.946233
v -0.333995 2.774288 -0.946233
v -0.333995 2.774288 0.363360
v -1.643588 2.774288 0.363359
v -1.643587 2.774288 -0.946233
usemtl 
s off
f 113//63 114//63 115//63 116//63
f 117//64 120//64 119//64 118//64
f 113//39 117//39 118//39 114//39
f 114//65 118//65 119//65 115//65
f 115//41 119//41 120//41 116//41
f 117//66 113//66 116//66 120//66
