# Blender v2.59 (sub 0) OBJ File: 'zombie.blend'
# www.blender.org
mtllib zombie_000070.mtl
o Cube.015_Cube.026
v -2.299963 -1.872448 1.267786
v -2.331686 -1.384564 1.480019
v -2.724102 -1.362572 1.370809
v -2.692379 -1.850457 1.158576
v -2.201597 -1.725197 0.943985
v -2.233320 -1.237312 1.156218
v -2.625735 -1.215321 1.047008
v -2.594012 -1.703205 0.834775
vn -0.266532 -0.398989 0.877365
vn 0.266532 0.398989 -0.877365
vn 0.961987 -0.053911 0.267722
vn -0.059518 0.915370 0.398191
vn -0.961987 0.053912 -0.267722
vn 0.059518 -0.915370 -0.398191
usemtl 
s off
f 1//1 2//1 3//1 4//1
f 5//2 8//2 7//2 6//2
f 1//3 5//3 6//3 2//3
f 2//4 6//4 7//4 3//4
f 3//5 7//5 8//5 4//5
f 5//6 1//6 4//6 8//6
o Cube.014_Cube.025
v -2.201745 -0.844918 1.115745
v -2.371176 -0.887194 0.791250
v -2.058337 -1.015322 0.644599
v -1.888907 -0.973046 0.969094
v -1.852993 0.400773 0.771356
v -2.022424 0.358497 0.446861
v -1.709586 0.230369 0.300209
v -1.540155 0.272645 0.624704
vn -0.260525 -0.930559 0.257267
vn 0.260525 0.930559 -0.257267
vn -0.848954 0.347703 0.397970
vn -0.459787 -0.114726 -0.880587
vn 0.848954 -0.347703 -0.397970
vn 0.459787 0.114726 0.880587
usemtl 
s off
f 9//7 10//7 11//7 12//7
f 13//8 16//8 15//8 14//8
f 9//9 13//9 14//9 10//9
f 10//10 14//10 15//10 11//10
f 11//11 15//11 16//11 12//11
f 13//12 9//12 12//12 16//12
o Cube.013_Cube.024
v -2.506708 -1.655437 1.516939
v -2.522652 -1.831039 1.193364
v -2.161489 -1.901314 1.213705
v -2.145545 -1.725711 1.537280
v -2.247331 -0.506579 0.880680
v -2.263275 -0.682181 0.557105
v -1.902111 -0.752455 0.577446
v -1.886168 -0.576853 0.901021
vn -0.193760 -0.858223 0.475300
vn 0.193760 0.858223 -0.475300
vn -0.980094 0.190704 -0.055201
vn -0.043267 -0.476534 -0.878091
vn 0.980094 -0.190704 0.055201
vn 0.043267 0.476534 0.878091
usemtl 
s off
f 17//13 18//13 19//13 20//13
f 21//14 24//14 23//14 22//14
f 17//15 21//15 22//15 18//15
f 18//16 22//16 23//16 19//16
f 19//17 23//17 24//17 20//17
f 21//18 17//18 20//18 24//18
o Cube.011_Cube.022
v 0.666769 -1.491127 0.438465
v 0.635046 -1.873925 0.807979
v 0.242630 -1.781446 0.870093
v 0.274353 -1.398649 0.500580
v 0.765135 -1.248335 0.698431
v 0.733413 -1.631132 1.067945
v 0.340997 -1.538654 1.130059
v 0.372720 -1.155856 0.760545
vn -0.266532 -0.657865 -0.704397
vn 0.266532 0.657865 0.704397
vn 0.961987 -0.226706 -0.152270
vn -0.059518 -0.718205 0.693281
vn -0.961987 0.226706 0.152269
vn 0.059518 0.718205 -0.693281
usemtl 
s off
f 25//19 26//19 27//19 28//19
f 29//20 32//20 31//20 30//20
f 25//21 29//21 30//21 26//21
f 26//22 30//22 31//22 27//22
f 27//23 31//23 32//23 28//23
f 29//24 25//24 28//24 32//24
o Cube.010_Cube.021
v 0.698354 -1.889354 0.251130
v 0.714298 -1.827957 0.614127
v 0.353134 -1.895815 0.641468
v 0.337190 -1.957212 0.278470
v 0.438977 -0.592641 0.043197
v 0.454921 -0.531243 0.406194
v 0.093758 -0.599101 0.433535
v 0.077814 -0.660498 0.070538
vn 0.193760 -0.968674 0.155331
vn -0.193760 0.968674 -0.155330
vn 0.980094 0.184147 -0.074195
vn 0.043267 0.166615 0.985072
vn -0.980094 -0.184147 0.074195
vn -0.043267 -0.166615 -0.985072
usemtl 
s off
f 33//25 34//25 35//25 36//25
f 37//26 40//26 39//26 38//26
f 33//27 37//27 38//27 34//27
f 34//28 38//28 39//28 35//28
f 35//29 39//29 40//29 36//29
f 37//30 33//30 36//30 40//30
o Cube.009_Cube.020
v 0.424602 -0.484299 -0.015874
v 0.461230 -0.437749 0.347832
v 0.133288 -0.597097 0.401253
v 0.096661 -0.643647 0.037546
v -0.171250 0.710816 -0.108827
v -0.134622 0.757365 0.254879
v -0.462564 0.598017 0.308299
v -0.499191 0.551468 -0.055407
vn 0.445115 -0.892777 0.069438
vn -0.445115 0.892777 -0.069438
vn 0.889940 0.432425 -0.144967
vn 0.099396 0.126323 0.986997
vn -0.889940 -0.432425 0.144967
vn -0.099396 -0.126323 -0.986997
usemtl 
s off
f 41//31 42//31 43//31 44//31
f 45//32 48//32 47//32 46//32
f 41//33 45//33 46//33 42//33
f 42//34 46//34 47//34 43//34
f 43//35 47//35 48//35 44//35
f 45//36 41//36 44//36 48//36
o Cube.008_Cube.019
v -1.146648 -2.706276 -0.331710
v -1.146648 -3.146121 -0.371087
v -1.588252 -3.146121 -0.371087
v -1.588252 -2.706276 -0.331710
v -1.146648 -2.849322 1.266119
v -1.146648 -3.289167 1.226742
v -1.588252 -3.289167 1.226742
v -1.588252 -2.849322 1.266119
vn 0.000000 0.089168 -0.996017
vn 0.000000 -0.089168 0.996017
vn 1.000000 -0.000000 0.000000
vn -0.000000 -0.996017 -0.089168
vn -1.000000 0.000000 -0.000000
vn 0.000000 0.996017 0.089169
usemtl 
s off
f 49//37 50//37 51//37 52//37
f 53//38 56//38 55//38 54//38
f 49//39 53//39 54//39 50//39
f 50//40 54//40 55//40 51//40
f 51//41 55//41 56//41 52//41
f 53//42 49//42 52//42 56//42
o Cube.007_Cube.018
v -1.146648 -2.777268 0.035459
v -1.146648 -3.208528 0.130480
v -1.588252 -3.208528 0.130480
v -1.588252 -2.777268 0.035459
v -1.146648 -2.432085 1.602101
v -1.146648 -2.863344 1.697122
v -1.588252 -2.863344 1.697122
v -1.588252 -2.432084 1.602101
vn 0.000000 -0.215172 -0.976576
vn -0.000000 0.215172 0.976576
vn -0.000000 -0.976576 0.215172
vn 0.000000 0.976576 -0.215172
usemtl 
s off
f 57//43 58//43 59//43 60//43
f 61//44 64//44 63//44 62//44
f 57//39 61//39 62//39 58//39
f 58//45 62//45 63//45 59//45
f 59//41 63//41 64//41 60//41
f 61//46 57//46 60//46 64//46
o Cube.006_Cube.017
v -1.146648 -2.702025 1.300687
v -1.146648 -2.320263 1.522660
v -1.588252 -2.320263 1.522660
v -1.588252 -2.702025 1.300687
v -1.146648 -1.895660 -0.086142
v -1.146648 -1.513899 0.135831
v -1.588252 -1.513899 0.135831
v -1.588252 -1.895661 -0.086142
vn 0.000000 -0.502652 0.864489
vn 0.000000 0.502652 -0.864489
vn -0.000000 0.864489 0.502652
vn 0.000000 -0.864489 -0.502652
usemtl 
s off
f 65//47 66//47 67//47 68//47
f 69//48 72//48 71//48 70//48
f 65//39 69//39 70//39 66//39
f 66//49 70//49 71//49 67//49
f 67//41 71//41 72//41 68//41
f 69//50 65//50 68//50 72//50
o Cube.005_Cube.016
v -0.427949 -3.441958 -1.906392
v -0.427949 -3.126093 -1.616821
v -0.990725 -3.126093 -1.616821
v -0.990725 -3.441958 -1.906392
v -0.427949 -2.593381 -2.832021
v -0.427950 -2.277517 -2.542450
v -0.990725 -2.277517 -2.542450
v -0.990725 -2.593381 -2.832021
vn -0.000000 -0.675761 0.737121
vn 0.000000 0.675761 -0.737121
vn -0.000000 0.737121 0.675761
vn 0.000000 -0.737121 -0.675761
usemtl 
s off
f 73//51 74//51 75//51 76//51
f 77//52 80//52 79//52 78//52
f 73//39 77//39 78//39 74//39
f 74//53 78//53 79//53 75//53
f 75//41 79//41 80//41 76//41
f 77//54 73//54 76//54 80//54
o Cube.004_Cube.015
v -0.448197 -2.427524 -2.492792
v -0.448197 -2.901035 -2.544799
v -0.970478 -2.901035 -2.544799
v -0.970478 -2.427524 -2.492792
v -0.448197 -2.679483 -0.198773
v -0.448197 -3.152994 -0.250780
v -0.970478 -3.152994 -0.250780
v -0.970478 -2.679483 -0.198773
vn -0.000000 0.109177 -0.994022
vn 0.000000 -0.109177 0.994022
vn -0.000000 -0.994022 -0.109177
vn 0.000000 0.994022 0.109177
usemtl 
s off
f 81//55 82//55 83//55 84//55
f 85//56 88//56 87//56 86//56
f 81//39 85//39 86//39 82//39
f 82//57 86//57 87//57 83//57
f 83//41 87//41 88//41 84//41
f 85//58 81//58 84//58 88//58
o Cube.003_Cube.014
v -0.307735 -2.381124 -1.193431
v -0.307735 -2.689020 -0.895400
v -0.870511 -2.689020 -0.895400
v -0.870511 -2.381124 -1.193431
v -0.307735 -1.507757 -0.291155
v -0.307735 -1.815652 0.006875
v -0.870511 -1.815652 0.006875
v -0.870511 -1.507757 -0.291155
vn 0.000000 -0.695503 -0.718523
vn -0.000000 0.695503 0.718524
vn -0.000000 -0.718523 0.695503
vn 0.000000 0.718524 -0.695503
usemtl 
s off
f 89//59 90//59 91//59 92//59
f 93//60 96//60 95//60 94//60
f 89//39 93//39 94//39 90//39
f 90//61 94//61 95//61 91//61
f 91//41 95//41 96//41 92//41
f 93//62 89//62 92//62 96//62
o Cube.002_Cube.013
v -0.269446 1.692293 -0.353433
v -0.269446 1.051836 0.934840
v -1.708137 1.051836 0.934840
v -1.708137 1.692293 -0.353433
v -0.269445 2.980565 0.287025
v -0.269446 2.340108 1.575298
v -1.708137 2.340109 1.575297
v -1.708136 2.980566 0.287024
vn -0.000000 -0.895448 -0.445167
vn 0.000000 0.895448 0.445167
vn -0.000000 -0.445167 0.895448
vn 0.000000 0.445167 -0.895448
usemtl 
s off
f 97//63 98//63 99//63 100//63
f 101//64 104//64 103//64 102//64
f 97//39 101//39 102//39 98//39
f 98//65 102//65 103//65 99//65
f 99//41 103//41 104//41 100//41
f 101//66 97//66 100//66 104//66
o Cube.001_Cube.012
v -0.763576 1.092041 -0.059492
v -0.763576 1.092041 0.390939
v -1.214007 1.092041 0.390939
v -1.214006 1.092041 -0.059492
v -0.763576 1.571415 -0.059492
v -0.763576 1.571415 0.390939
v -1.214007 1.571415 0.390939
v -1.214006 1.571415 -0.059492
vn 0.000000 -1.000000 0.000000
vn 0.000000 1.000000 0.000000
vn -0.000000 0.000000 1.000000
vn 0.000000 0.000000 -1.000000
usemtl 
s off
f 105//67 106//67 107//67 108//67
f 109//68 112//68 111//68 110//68
f 105//39 109//39 110//39 106//39
f 106//69 110//69 111//69 107//69
f 107//41 111//41 112//41 108//41
f 109//70 105//70 108//70 112//70
o Cube_Cube.011
v -0.333995 -1.665425 -0.557796
v -0.333995 -1.665425 0.751796
v -1.643587 -1.665425 0.751796
v -1.643587 -1.665425 -0.557796
v -0.333995 0.917464 -0.557796
v -0.333995 0.917464 0.751797
v -1.643588 0.917464 0.751796
v -1.643587 0.917464 -0.557796
usemtl 
s off
f 113//67 114//67 115//67 116//67
f 117//68 120//68 119//68 118//68
f 113//39 117//39 118//39 114//39
f 114//69 118//69 119//69 115//69
f 115//41 119//41 120//41 116//41
f 117//70 113//70 116//70 120//70
