# Blender v2.59 (sub 0) OBJ File: 'zombie.blend'
# www.blender.org
mtllib zombie_000016.mtl
o Cube.015_Cube.026
v -2.299963 0.422139 1.873283
v -2.331686 0.847984 2.192235
v -2.724102 0.894551 2.091032
v -2.692379 0.468706 1.772081
v -2.201597 0.640046 1.592131
v -2.233320 1.065891 1.911082
v -2.625735 1.112458 1.809879
v -2.594012 0.686612 1.490928
vn -0.266532 -0.590435 0.761806
vn 0.266532 0.590435 -0.761805
vn 0.961987 -0.114156 0.248092
vn -0.059518 0.798971 0.598416
vn -0.961987 0.114156 -0.248093
vn 0.059518 -0.798971 -0.598416
usemtl 
s off
f 1//1 2//1 3//1 4//1
f 5//2 8//2 7//2 6//2
f 1//3 5//3 6//3 2//3
f 2//4 6//4 7//4 3//4
f 3//5 7//5 8//5 4//5
f 5//6 1//6 4//6 8//6
o Cube.014_Cube.025
v -2.201745 1.524700 0.826571
v -2.371176 1.332692 0.561586
v -2.058337 1.150110 0.493857
v -1.888906 1.342118 0.758842
v -1.852993 2.455041 -0.070544
v -2.022424 2.263033 -0.335529
v -1.709586 2.080451 -0.403258
v -1.540155 2.272459 -0.138273
vn -0.260525 -0.694986 0.670165
vn 0.260525 0.694986 -0.670165
vn -0.848954 0.495476 0.183798
vn -0.459787 -0.521055 -0.719095
vn 0.848954 -0.495476 -0.183798
vn 0.459787 0.521055 0.719095
usemtl 
s off
f 9//7 10//7 11//7 12//7
f 13//8 16//8 15//8 14//8
f 9//9 13//9 14//9 10//9
f 10//10 14//10 15//10 11//10
f 11//11 15//11 16//11 12//11
f 13//12 9//12 12//12 16//12
o Cube.013_Cube.024
v -2.506708 1.020801 1.824615
v -2.522652 0.698464 1.646750
v -2.161489 0.650242 1.701767
v -2.145545 0.972579 1.879631
v -2.247331 1.645422 0.669387
v -2.263275 1.323085 0.491523
v -1.902111 1.274863 0.546539
v -1.886168 1.597200 0.724404
vn -0.193760 -0.466606 0.862981
vn 0.193760 0.466606 -0.862981
vn -0.980094 0.130862 -0.149299
vn -0.043267 -0.874731 -0.482674
vn 0.980094 -0.130862 0.149300
vn 0.043267 0.874731 0.482674
usemtl 
s off
f 17//13 18//13 19//13 20//13
f 21//14 24//14 23//14 22//14
f 17//15 21//15 22//15 18//15
f 18//16 22//16 23//16 19//16
f 19//17 23//17 24//17 20//17
f 21//18 17//18 20//18 24//18
o Cube.011_Cube.022
v 0.666769 -0.023037 -2.388090
v 0.635046 -0.278631 -1.921458
v 0.242630 -0.171865 -1.889655
v 0.274353 0.083729 -2.356287
v 0.765135 0.286080 -2.212086
v 0.733413 0.030485 -1.745454
v 0.340997 0.137251 -1.713652
v 0.372720 0.392846 -2.180284
vn -0.266532 -0.837575 -0.476896
vn 0.266532 0.837575 0.476896
vn 0.961987 -0.261731 -0.077964
vn -0.059518 -0.479547 0.875495
vn -0.961987 0.261731 0.077964
vn 0.059518 0.479547 -0.875495
usemtl 
s off
f 25//19 26//19 27//19 28//19
f 29//20 32//20 31//20 30//20
f 25//21 29//21 30//21 26//21
f 26//22 30//22 31//22 27//22
f 27//23 31//23 32//23 28//23
f 29//24 25//24 28//24 32//24
o Cube.010_Cube.021
v 0.698354 0.192278 -2.168156
v 0.714298 0.054273 -1.826848
v 0.353134 -0.017847 -1.839137
v 0.337190 0.120159 -2.180446
v 0.438977 1.405540 -1.665467
v 0.454921 1.267535 -1.324158
v 0.093758 1.195415 -1.336448
v 0.077814 1.333421 -1.677756
vn 0.193760 -0.906334 -0.375521
vn -0.193760 0.906334 0.375521
vn 0.980094 0.195711 0.033350
vn 0.043267 -0.374508 0.926214
vn -0.980094 -0.195711 -0.033350
vn -0.043267 0.374508 -0.926214
usemtl 
s off
f 33//25 34//25 35//25 36//25
f 37//26 40//26 39//26 38//26
f 33//27 37//27 38//27 34//27
f 34//28 38//28 39//28 35//28
f 35//29 39//29 40//29 36//29
f 37//30 33//30 36//30 40//30
o Cube.009_Cube.020
v 0.424602 1.504219 -1.404340
v 0.461230 1.217331 -1.175988
v 0.133288 1.089043 -1.284559
v 0.096661 1.375932 -1.512912
v -0.171250 2.203254 -0.430539
v -0.134622 1.916366 -0.202187
v -0.462564 1.788079 -0.310759
v -0.499191 2.074967 -0.539110
vn 0.445115 -0.522195 -0.727451
vn -0.445115 0.522195 0.727451
vn 0.889940 0.348136 0.294632
vn 0.099396 -0.778533 0.619682
vn -0.889940 -0.348136 -0.294632
vn -0.099396 0.778533 -0.619682
usemtl 
s off
f 41//31 42//31 43//31 44//31
f 45//32 48//32 47//32 46//32
f 41//33 45//33 46//33 42//33
f 42//34 46//34 47//34 43//34
f 43//35 47//35 48//35 44//35
f 45//36 41//36 44//36 48//36
o Cube.008_Cube.019
v -1.146648 -2.916742 0.735550
v -1.146648 -3.320374 0.914703
v -1.588252 -3.320374 0.914703
v -1.588252 -2.916742 0.735550
v -1.146648 -2.265931 2.201826
v -1.146648 -2.669563 2.380979
v -1.588252 -2.669562 2.380979
v -1.588252 -2.265931 2.201826
vn -0.000000 -0.405687 -0.914012
vn -0.000000 0.405687 0.914012
vn 1.000000 -0.000000 0.000000
vn -0.000000 -0.914012 0.405687
vn -1.000000 0.000000 -0.000000
vn 0.000001 0.914012 -0.405687
usemtl 
s off
f 49//37 50//37 51//37 52//37
f 53//38 56//38 55//38 54//38
f 49//39 53//39 54//39 50//39
f 50//40 54//40 55//40 51//40
f 51//41 55//41 56//41 52//41
f 53//42 49//42 52//42 56//42
o Cube.007_Cube.018
v -1.146648 -2.912568 0.920182
v -1.146648 -2.749802 1.330695
v -1.588252 -2.749802 1.330695
v -1.588252 -2.912568 0.920182
v -1.146648 -1.421292 0.328899
v -1.146648 -1.258525 0.739412
v -1.588252 -1.258525 0.739412
v -1.588252 -1.421292 0.328899
vn -0.000000 -0.929596 0.368580
vn 0.000000 0.929596 -0.368580
vn -0.000000 0.368580 0.929596
vn 0.000000 -0.368580 -0.929596
usemtl 
s off
f 57//43 58//43 59//43 60//43
f 61//44 64//44 63//44 62//44
f 57//39 61//39 62//39 58//39
f 58//45 62//45 63//45 59//45
f 59//41 63//41 64//41 60//41
f 61//46 57//46 60//46 64//46
o Cube.006_Cube.017
v -1.146648 -1.357255 0.439280
v -1.146648 -1.100582 0.798631
v -1.588252 -1.100582 0.798631
v -1.588252 -1.357255 0.439280
v -1.146648 -0.051837 -0.493138
v -1.146648 0.204836 -0.133787
v -1.588252 0.204836 -0.133788
v -1.588252 -0.051837 -0.493139
vn 0.000000 -0.813740 0.581229
vn 0.000000 0.813740 -0.581229
vn -0.000000 0.581229 0.813740
vn 0.000000 -0.581229 -0.813740
usemtl 
s off
f 65//47 66//47 67//47 68//47
f 69//48 72//48 71//48 70//48
f 65//39 69//39 70//39 66//39
f 66//49 70//49 71//49 67//49
f 67//41 71//41 72//41 68//41
f 69//50 65//50 68//50 72//50
o Cube.005_Cube.016
v -0.427949 -3.174781 -2.745101
v -0.427949 -3.110957 -2.321370
v -0.990725 -3.110957 -2.321370
v -0.990725 -3.174781 -2.745101
v -0.427949 -1.933053 -2.932136
v -0.427950 -1.869228 -2.508405
v -0.990725 -1.869228 -2.508405
v -0.990725 -1.933053 -2.932137
vn 0.000000 -0.988845 0.148945
vn -0.000000 0.988845 -0.148945
vn -0.000000 0.148945 0.988846
vn 0.000000 -0.148945 -0.988846
usemtl 
s off
f 73//51 74//51 75//51 76//51
f 77//52 80//52 79//52 78//52
f 73//39 77//39 78//39 74//39
f 74//53 78//53 79//53 75//53
f 75//41 79//41 80//41 76//41
f 77//54 73//54 76//54 80//54
o Cube.004_Cube.015
v -0.448197 -1.926476 -2.849901
v -0.448197 -2.352993 -2.637767
v -0.970478 -2.352993 -2.637767
v -0.970478 -1.926476 -2.849901
v -0.448197 -0.898747 -0.783557
v -0.448197 -1.325264 -0.571422
v -0.970478 -1.325263 -0.571422
v -0.970478 -0.898747 -0.783557
vn 0.000000 -0.445325 -0.895369
vn -0.000000 0.445326 0.895369
vn -0.000000 -0.895369 0.445326
vn 0.000000 0.895369 -0.445326
usemtl 
s off
f 81//55 82//55 83//55 84//55
f 85//56 88//56 87//56 86//56
f 81//39 85//39 86//39 82//39
f 82//57 86//57 87//57 83//57
f 83//41 87//41 88//41 84//41
f 85//58 81//58 84//58 88//58
o Cube.003_Cube.014
v -0.427949 -0.884448 -0.989158
v -0.427949 -1.033555 -0.587425
v -0.990725 -1.033555 -0.587425
v -0.990725 -0.884448 -0.989158
v -0.427949 0.292813 -0.552205
v -0.427950 0.143706 -0.150473
v -0.990725 0.143706 -0.150473
v -0.990725 0.292813 -0.552205
vn 0.000000 -0.937507 -0.347965
vn 0.000000 0.937507 0.347966
vn -0.000000 -0.347966 0.937507
vn 0.000000 0.347966 -0.937507
usemtl 
s off
f 89//59 90//59 91//59 92//59
f 93//60 96//60 95//60 94//60
f 89//39 93//39 94//39 90//39
f 90//61 94//61 95//61 91//61
f 91//41 95//41 96//41 92//41
f 93//62 89//62 92//62 96//62
o Cube.002_Cube.013
v -0.269446 2.929047 -0.735888
v -0.269446 2.929047 0.702803
v -1.708137 2.929047 0.702802
v -1.708137 2.929047 -0.735889
v -0.269445 4.367738 -0.735888
v -0.269446 4.367738 0.702803
v -1.708137 4.367738 0.702802
v -1.708136 4.367738 -0.735889
vn 0.000000 -1.000000 0.000000
vn 0.000000 1.000000 0.000000
vn -0.000000 0.000000 1.000000
vn 0.000000 0.000000 -1.000000
usemtl 
s off
f 97//63 98//63 99//63 100//63
f 101//64 104//64 103//64 102//64
f 97//39 101//39 102//39 98//39
f 98//65 102//65 103//65 99//65
f 99//41 103//41 104//41 100//41
f 101//66 97//66 100//66 104//66
o Cube.001_Cube.012
v -0.763576 2.515301 -0.447929
v -0.763576 2.515301 0.002502
v -1.214007 2.515301 0.002502
v -1.214006 2.515301 -0.447929
v -0.763576 2.994675 -0.447929
v -0.763576 2.994675 0.002502
v -1.214007 2.994675 0.002502
v -1.214006 2.994675 -0.447929
usemtl 
s off
f 105//63 106//63 107//63 108//63
f 109//64 112//64 111//64 110//64
f 105//39 109//39 110//39 106//39
f 106//65 110//65 111//65 107//65
f 107//41 111//41 112//41 108//41
f 109//66 105//66 108//66 112//66
o Cube_Cube.011
v -0.333995 -0.048374 -0.946233
v -0.333995 -0.048374 0.363359
v -1.643587 -0.048374 0.363359
v -1.643587 -0.048374 -0.946233
v -0.333995 2.534515 -0.946233
v -0.333995 2.534515 0.363360
v -1.643588 2.534515 0.363359
v -1.643587 2.534515 -0.946233
usemtl 
s off
f 113//63 114//63 115//63 116//63
f 117//64 120//64 119//64 118//64
f 113//39 117//39 118//39 114//39
f 114//65 118//65 119//65 115//65
f 115//41 119//41 120//41 116//41
f 117//66 113//66 116//66 120//66
