# Blender v2.59 (sub 0) OBJ File: 'zombie.blend'
# www.blender.org
mtllib zombie_000038.mtl
o Cube.015_Cube.026
v -2.299963 0.796040 1.305144
v -2.331686 1.283925 1.517377
v -2.724102 1.305917 1.408167
v -2.692379 0.818032 1.195934
v -2.201597 0.943292 0.981343
v -2.233320 1.431177 1.193576
v -2.625735 1.453168 1.084366
v -2.594012 0.965283 0.872133
vn -0.266532 -0.398989 0.877365
vn 0.266532 0.398989 -0.877365
vn 0.961987 -0.053911 0.267722
vn -0.059518 0.915370 0.398191
vn -0.961987 0.053912 -0.267722
vn 0.059518 -0.915370 -0.398191
usemtl 
s off
f 1//1 2//1 3//1 4//1
f 5//2 8//2 7//2 6//2
f 1//3 5//3 6//3 2//3
f 2//4 6//4 7//4 3//4
f 3//5 7//5 8//5 4//5
f 5//6 1//6 4//6 8//6
o Cube.014_Cube.025
v -2.138513 1.866846 0.933630
v -2.229832 1.628681 0.667680
v -1.873914 1.546547 0.619022
v -1.782595 1.784712 0.884972
v -2.037417 2.843786 0.024044
v -2.128736 2.605621 -0.241906
v -1.772818 2.523487 -0.290564
v -1.681499 2.761651 -0.024614
vn -0.075521 -0.729796 0.679481
vn 0.075521 0.729796 -0.679481
vn -0.965860 0.222889 0.132043
vn -0.247813 -0.646312 -0.721713
vn 0.965860 -0.222889 -0.132043
vn 0.247813 0.646312 0.721713
usemtl 
s off
f 9//7 10//7 11//7 12//7
f 13//8 16//8 15//8 14//8
f 9//9 13//9 14//9 10//9
f 10//10 14//10 15//10 11//10
f 11//11 15//11 16//11 12//11
f 13//12 9//12 12//12 16//12
o Cube.013_Cube.024
v -2.476208 1.267833 1.341679
v -2.489639 1.019324 1.069919
v -2.125222 0.971200 1.095915
v -2.111792 1.219710 1.367676
v -2.283597 2.240682 0.442544
v -2.297027 1.992172 0.170783
v -1.932611 1.944049 0.196780
v -1.919180 2.192559 0.468540
vn -0.143885 -0.726740 0.671674
vn 0.143885 0.726740 -0.671674
vn -0.988923 0.130592 -0.070547
vn -0.036446 -0.674385 -0.737480
vn 0.988923 -0.130593 0.070547
vn 0.036446 0.674385 0.737480
usemtl 
s off
f 17//13 18//13 19//13 20//13
f 21//14 24//14 23//14 22//14
f 17//15 21//15 22//15 18//15
f 18//16 22//16 23//16 19//16
f 19//17 23//17 24//17 20//17
f 21//18 17//18 20//18 24//18
o Cube.011_Cube.022
v 0.666769 0.699113 -0.100696
v 0.635046 0.316316 0.268818
v 0.242630 0.408794 0.330932
v 0.274353 0.791592 -0.038582
v 0.765135 0.941905 0.159270
v 0.733413 0.559108 0.528784
v 0.340997 0.651586 0.590898
v 0.372720 1.034384 0.221384
vn -0.266532 -0.657865 -0.704397
vn 0.266532 0.657865 0.704397
vn 0.961987 -0.226706 -0.152270
vn -0.059518 -0.718205 0.693281
vn -0.961987 0.226706 0.152269
vn 0.059518 0.718205 -0.693281
usemtl 
s off
f 25//19 26//19 27//19 28//19
f 29//20 32//20 31//20 30//20
f 25//21 29//21 30//21 26//21
f 26//22 30//22 31//22 27//22
f 27//23 31//23 32//23 28//23
f 29//24 25//24 28//24 32//24
o Cube.010_Cube.021
v 0.676986 0.561322 0.128404
v 0.689164 0.723894 0.458878
v 0.325445 0.677224 0.495239
v 0.313268 0.514652 0.164765
v 0.466666 1.750629 -0.448910
v 0.478844 1.913202 -0.118436
v 0.115126 1.866531 -0.082074
v 0.102948 1.703959 -0.412548
vn 0.157113 -0.888440 0.431266
vn -0.157114 0.888440 -0.431266
vn 0.987027 0.126650 -0.098674
vn 0.033046 0.441175 0.896813
vn -0.987027 -0.126650 0.098674
vn -0.033047 -0.441175 -0.896813
usemtl 
s off
f 33//25 34//25 35//25 36//25
f 37//26 40//26 39//26 38//26
f 33//27 37//27 38//27 34//27
f 34//28 38//28 39//28 35//28
f 35//29 39//29 40//29 36//29
f 37//30 33//30 36//30 40//30
o Cube.009_Cube.020
v 0.383585 1.489266 -0.603254
v 0.425470 1.528056 -0.239204
v 0.087205 1.391989 -0.185787
v 0.045320 1.353199 -0.549837
v -0.125166 2.725307 -0.676421
v -0.083281 2.764097 -0.312372
v -0.421547 2.628030 -0.258955
v -0.463432 2.589240 -0.623005
vn 0.380049 -0.923350 0.054658
vn -0.380049 0.923350 -0.054658
vn 0.917956 0.369248 -0.144958
vn 0.113664 0.105264 0.987927
vn -0.917956 -0.369248 0.144958
vn -0.113664 -0.105264 -0.987927
usemtl 
s off
f 41//31 42//31 43//31 44//31
f 45//32 48//32 47//32 46//32
f 41//33 45//33 46//33 42//33
f 42//34 46//34 47//34 43//34
f 43//35 47//35 48//35 44//35
f 45//36 41//36 44//36 48//36
o Cube.008_Cube.019
v -1.146648 -2.706276 -0.331710
v -1.146648 -3.146121 -0.371087
v -1.588252 -3.146121 -0.371087
v -1.588252 -2.706276 -0.331710
v -1.146648 -2.849322 1.266119
v -1.146648 -3.289167 1.226742
v -1.588252 -3.289167 1.226742
v -1.588252 -2.849322 1.266119
vn 0.000000 0.089168 -0.996017
vn 0.000000 -0.089168 0.996017
vn 1.000000 -0.000000 0.000000
vn -0.000000 -0.996017 -0.089168
vn -1.000000 0.000000 -0.000000
vn 0.000000 0.996017 0.089169
usemtl 
s off
f 49//37 50//37 51//37 52//37
f 53//38 56//38 55//38 54//38
f 49//39 53//39 54//39 50//39
f 50//40 54//40 55//40 51//40
f 51//41 55//41 56//41 52//41
f 53//42 49//42 52//42 56//42
o Cube.007_Cube.018
v -1.146648 -2.744005 -0.136756
v -1.146648 -2.775695 0.303709
v -1.588252 -2.775695 0.303709
v -1.588252 -2.744005 -0.136756
v -1.146648 -1.143921 -0.021635
v -1.146648 -1.175612 0.418831
v -1.588252 -1.175612 0.418830
v -1.588252 -1.143921 -0.021635
vn 0.000000 -0.997422 -0.071761
vn 0.000000 0.997422 0.071762
vn -0.000000 -0.071761 0.997422
vn 0.000000 0.071761 -0.997422
usemtl 
s off
f 57//43 58//43 59//43 60//43
f 61//44 64//44 63//44 62//44
f 57//39 61//39 62//39 58//39
f 58//45 62//45 63//45 59//45
f 59//41 63//41 64//41 60//41
f 61//46 57//46 60//46 64//46
o Cube.006_Cube.017
v -1.146648 -1.258753 0.003283
v -1.146648 -1.140456 0.428747
v -1.588252 -1.140456 0.428747
v -1.588252 -1.258753 0.003283
v -1.146648 0.286835 -0.426458
v -1.146648 0.405132 -0.000994
v -1.588252 0.405132 -0.000994
v -1.588252 0.286835 -0.426458
vn -0.000000 -0.963452 0.267882
vn -0.000000 0.963452 -0.267881
vn -0.000000 0.267881 0.963452
vn 0.000000 -0.267881 -0.963452
usemtl 
s off
f 65//47 66//47 67//47 68//47
f 69//48 72//48 71//48 70//48
f 65//39 69//39 70//39 66//39
f 66//49 70//49 71//49 67//49
f 67//41 71//41 72//41 68//41
f 69//50 65//50 68//50 72//50
o Cube.005_Cube.016
v -0.427949 -3.468701 -0.692479
v -0.427949 -3.066277 -0.545250
v -0.990725 -3.066277 -0.545250
v -0.990725 -3.468701 -0.692479
v -0.427949 -3.037250 -1.871768
v -0.427950 -2.634826 -1.724538
v -0.990725 -2.634826 -1.724538
v -0.990725 -3.037250 -1.871768
vn 0.000000 -0.343584 0.939122
vn 0.000000 0.343584 -0.939122
vn -0.000000 0.939122 0.343584
vn 0.000000 -0.939122 -0.343584
usemtl 
s off
f 73//51 74//51 75//51 76//51
f 77//52 80//52 79//52 78//52
f 73//39 77//39 78//39 74//39
f 74//53 78//53 79//53 75//53
f 75//41 79//41 80//41 76//41
f 77//54 73//54 76//54 80//54
o Cube.004_Cube.015
v -0.448197 -2.813083 -1.746936
v -0.448197 -3.010247 -1.313296
v -0.970478 -3.010247 -1.313296
v -0.970478 -2.813083 -1.746936
v -0.448197 -0.712227 -0.791735
v -0.448197 -0.909391 -0.358095
v -0.970478 -0.909390 -0.358095
v -0.970478 -0.712227 -0.791735
vn 0.000000 -0.910323 -0.413898
vn -0.000000 0.910323 0.413899
vn -0.000000 -0.413899 0.910323
vn 0.000000 0.413899 -0.910323
usemtl 
s off
f 81//55 82//55 83//55 84//55
f 85//56 88//56 87//56 86//56
f 81//39 85//39 86//39 82//39
f 82//57 86//57 87//57 83//57
f 83//41 87//41 88//41 84//41
f 85//58 81//58 84//58 88//58
o Cube.003_Cube.014
v -0.307735 -0.875257 -0.967057
v -0.307735 -1.016834 -0.562610
v -0.870511 -1.016834 -0.562610
v -0.870511 -0.875257 -0.967057
v -0.307735 0.309960 -0.552168
v -0.307735 0.168382 -0.147721
v -0.870511 0.168382 -0.147721
v -0.870511 0.309960 -0.552168
vn -0.000000 -0.943843 -0.330395
vn -0.000000 0.943843 0.330395
vn -0.000000 -0.330395 0.943843
vn 0.000000 0.330395 -0.943843
usemtl 
s off
f 89//59 90//59 91//59 92//59
f 93//60 96//60 95//60 94//60
f 89//39 93//39 94//39 90//39
f 90//61 94//61 95//61 91//61
f 91//41 95//41 96//41 92//41
f 93//62 89//62 92//62 96//62
o Cube.002_Cube.013
v -0.269446 3.228579 -0.735888
v -0.269446 3.228579 0.702803
v -1.708137 3.228579 0.702802
v -1.708137 3.228579 -0.735889
v -0.269445 4.667270 -0.735888
v -0.269446 4.667270 0.702803
v -1.708137 4.667270 0.702802
v -1.708136 4.667270 -0.735889
vn 0.000000 -1.000000 0.000000
vn 0.000000 1.000000 0.000000
vn -0.000000 0.000000 1.000000
vn 0.000000 0.000000 -1.000000
usemtl 
s off
f 97//63 98//63 99//63 100//63
f 101//64 104//64 103//64 102//64
f 97//39 101//39 102//39 98//39
f 98//65 102//65 103//65 99//65
f 99//41 103//41 104//41 100//41
f 101//66 97//66 100//66 104//66
o Cube.001_Cube.012
v -0.763576 2.814832 -0.447929
v -0.763576 2.814832 0.002502
v -1.214007 2.814832 0.002502
v -1.214006 2.814832 -0.447929
v -0.763576 3.294206 -0.447929
v -0.763576 3.294206 0.002502
v -1.214007 3.294206 0.002502
v -1.214006 3.294206 -0.447929
usemtl 
s off
f 105//63 106//63 107//63 108//63
f 109//64 112//64 111//64 110//64
f 105//39 109//39 110//39 106//39
f 106//65 110//65 111//65 107//65
f 107//41 111//41 112//41 108//41
f 109//66 105//66 108//66 112//66
o Cube_Cube.011
v -0.333995 0.251158 -0.946233
v -0.333995 0.251158 0.363359
v -1.643587 0.251158 0.363359
v -1.643587 0.251158 -0.946233
v -0.333995 2.834048 -0.946233
v -0.333995 2.834048 0.363360
v -1.643588 2.834048 0.363359
v -1.643587 2.834048 -0.946233
usemtl 
s off
f 113//63 114//63 115//63 116//63
f 117//64 120//64 119//64 118//64
f 113//39 117//39 118//39 114//39
f 114//65 118//65 119//65 115//65
f 115//41 119//41 120//41 116//41
f 117//66 113//66 116//66 120//66
