# Blender v2.59 (sub 0) OBJ File: 'zombie.blend'
# www.blender.org
mtllib zombie_000082.mtl
o Cube.015_Cube.026
v -1.616331 -1.043911 1.317026
v -1.159771 -0.847057 1.509071
v -1.185824 -0.533432 1.249532
v -1.642385 -0.730285 1.057486
v -1.427367 -1.236560 1.065262
v -0.970806 -1.039706 1.257307
v -0.996859 -0.726081 0.997768
v -1.453420 -0.922934 0.805722
vn -0.512014 0.521997 0.682174
vn 0.512014 -0.521997 -0.682174
vn 0.063868 -0.768837 0.636248
vn 0.856599 0.369337 0.360316
vn -0.063868 0.768837 -0.636248
vn -0.856600 -0.369337 -0.360316
usemtl 
s off
f 1//1 2//1 3//1 4//1
f 5//2 8//2 7//2 6//2
f 1//3 5//3 6//3 2//3
f 2//4 6//4 7//4 3//4
f 3//5 7//5 8//5 4//5
f 5//6 1//6 4//6 8//6
o Cube.014_Cube.025
v -1.103670 -1.209438 1.141874
v -1.207573 -0.949181 0.902580
v -1.248241 -1.205738 0.641207
v -1.144338 -1.465995 0.880502
v 0.172137 -1.037652 0.774747
v 0.068235 -0.777396 0.535452
v 0.027567 -1.033953 0.274080
v 0.131469 -1.294209 0.513375
vn -0.953057 -0.128328 0.274252
vn 0.953057 0.128327 -0.274252
vn 0.110361 0.696223 0.709291
vn -0.281962 0.706262 -0.649378
vn -0.110361 -0.696223 -0.709291
vn 0.281962 -0.706262 0.649378
usemtl 
s off
f 9//7 10//7 11//7 12//7
f 13//8 16//8 15//8 14//8
f 9//9 13//9 14//9 10//9
f 10//10 14//10 15//10 11//10
f 11//11 15//11 16//11 12//11
f 13//12 9//12 12//12 16//12
o Cube.013_Cube.024
v -1.523704 -0.507721 1.304417
v -1.710738 -0.658085 1.024774
v -1.781653 -0.954658 1.231673
v -1.594619 -0.804293 1.511315
v -0.399439 -1.084698 0.862712
v -0.586473 -1.235062 0.583070
v -0.657388 -1.531635 0.789969
v -0.470354 -1.381270 1.069611
vn -0.839852 0.431015 0.329963
vn 0.839852 -0.431015 -0.329963
vn 0.192444 0.804813 -0.561463
vn -0.507558 -0.408047 -0.758870
vn -0.192444 -0.804813 0.561464
vn 0.507558 0.408047 0.758870
usemtl 
s off
f 17//13 18//13 19//13 20//13
f 21//14 24//14 23//14 22//14
f 17//15 21//15 22//15 18//15
f 18//16 22//16 23//16 19//16
f 19//17 23//17 24//17 20//17
f 21//18 17//18 20//18 24//18
o Cube.011_Cube.022
v -0.806861 -3.128458 0.403872
v -1.187738 -3.311583 0.728646
v -1.132374 -2.990784 0.974458
v -0.751496 -2.807659 0.649684
v -0.553597 -3.317904 0.594066
v -0.934474 -3.501029 0.918841
v -0.879109 -3.180230 1.164652
v -0.498232 -2.997105 0.839878
vn -0.686238 0.513318 -0.515346
vn 0.686238 -0.513318 0.515346
vn -0.135724 -0.786421 -0.602595
vn -0.714602 -0.343579 0.609342
vn 0.135724 0.786421 0.602595
vn 0.714602 0.343579 -0.609342
usemtl 
s off
f 25//19 26//19 27//19 28//19
f 29//20 32//20 31//20 30//20
f 25//21 29//21 30//21 26//21
f 26//22 30//22 31//22 27//22
f 27//23 31//23 32//23 28//23
f 29//24 25//24 28//24 32//24
o Cube.010_Cube.021
v -1.284258 -3.568456 0.168135
v -1.193145 -3.644871 0.516919
v -1.387691 -3.353660 0.631542
v -1.478804 -3.277244 0.282758
v -0.196618 -2.796582 0.053122
v -0.105505 -2.872997 0.401906
v -0.300051 -2.581785 0.516530
v -0.391164 -2.505369 0.167746
vn -0.812491 -0.576608 0.085917
vn 0.812491 0.576607 -0.085917
vn 0.527943 -0.790267 -0.311055
vn 0.247254 -0.207371 0.946500
vn -0.527943 0.790267 0.311055
vn -0.247254 0.207371 -0.946500
usemtl 
s off
f 33//25 34//25 35//25 36//25
f 37//26 40//26 39//26 38//26
f 33//27 37//27 38//27 34//27
f 34//28 38//28 39//28 35//28
f 35//29 39//29 40//29 36//29
f 37//30 33//30 36//30 40//30
o Cube.009_Cube.020
v -0.348874 -3.171949 -0.061056
v -0.266945 -3.223762 0.294463
v -0.544819 -3.001757 0.390854
v -0.626747 -2.949943 0.035334
v 0.478437 -2.120217 -0.098429
v 0.560365 -2.172031 0.257091
v 0.282492 -1.950025 0.353481
v 0.200563 -1.898212 -0.002039
vn -0.618020 -0.785667 0.027918
vn 0.618019 0.785667 -0.027918
vn 0.754070 -0.602459 -0.261576
vn 0.222331 -0.140606 0.964779
vn -0.754070 0.602459 0.261576
vn -0.222331 0.140607 -0.964779
usemtl 
s off
f 41//31 42//31 43//31 44//31
f 45//32 48//32 47//32 46//32
f 41//33 45//33 46//33 42//33
f 42//34 46//34 47//34 43//34
f 43//35 47//35 48//35 44//35
f 45//36 41//36 44//36 48//36
o Cube.008_Cube.019
v -1.146648 -2.706276 -0.331710
v -1.146648 -3.146121 -0.371087
v -1.588252 -3.146121 -0.371087
v -1.588252 -2.706276 -0.331710
v -1.146648 -2.849322 1.266119
v -1.146648 -3.289167 1.226742
v -1.588252 -3.289167 1.226742
v -1.588252 -2.849322 1.266119
vn 0.000000 0.089168 -0.996017
vn 0.000000 -0.089168 0.996017
vn 1.000000 -0.000000 0.000000
vn -0.000000 -0.996017 -0.089168
vn -1.000000 0.000000 -0.000000
vn 0.000000 0.996017 0.089169
usemtl 
s off
f 49//37 50//37 51//37 52//37
f 53//38 56//38 55//38 54//38
f 49//39 53//39 54//39 50//39
f 50//40 54//40 55//40 51//40
f 51//41 55//41 56//41 52//41
f 53//42 49//42 52//42 56//42
o Cube.007_Cube.018
v -1.146648 -2.841806 0.089277
v -1.146648 -3.276325 0.168064
v -1.588252 -3.276325 0.168064
v -1.588252 -2.841806 0.089277
v -1.146648 -2.555597 1.667759
v -1.146648 -2.990116 1.746545
v -1.588252 -2.990116 1.746545
v -1.588252 -2.555597 1.667759
vn 0.000000 -0.178410 -0.983956
vn 0.000000 0.178410 0.983956
vn -0.000000 -0.983956 0.178410
vn 0.000000 0.983956 -0.178410
usemtl 
s off
f 57//43 58//43 59//43 60//43
f 61//44 64//44 63//44 62//44
f 57//39 61//39 62//39 58//39
f 58//45 62//45 63//45 59//45
f 59//41 63//41 64//41 60//41
f 61//46 57//46 60//46 64//46
o Cube.006_Cube.017
v -1.146648 -2.711348 1.429256
v -1.146648 -2.286620 1.550173
v -1.588252 -2.286620 1.550173
v -1.588252 -2.711348 1.429256
v -1.146648 -2.272093 -0.113655
v -1.146648 -1.847365 0.007262
v -1.588252 -1.847365 0.007262
v -1.588252 -2.272093 -0.113655
vn 0.000000 -0.273812 0.961783
vn -0.000000 0.273812 -0.961783
vn -0.000000 0.961783 0.273812
vn 0.000001 -0.961783 -0.273812
usemtl 
s off
f 65//47 66//47 67//47 68//47
f 69//48 72//48 71//48 70//48
f 65//39 69//39 70//39 66//39
f 66//49 70//49 71//49 67//49
f 67//41 71//41 72//41 68//41
f 69//50 65//50 68//50 72//50
o Cube.005_Cube.016
v -0.427949 -3.632206 -1.778063
v -0.427949 -3.256963 -1.571145
v -0.990725 -3.256963 -1.571145
v -0.990725 -3.632206 -1.778063
v -0.427949 -3.025842 -2.877697
v -0.427950 -2.650599 -2.670779
v -0.990725 -2.650600 -2.670779
v -0.990725 -3.025842 -2.877697
vn 0.000000 -0.482875 0.875689
vn -0.000000 0.482875 -0.875689
vn -0.000000 0.875689 0.482875
vn 0.000000 -0.875689 -0.482875
usemtl 
s off
f 73//51 74//51 75//51 76//51
f 77//52 80//52 79//52 78//52
f 73//39 77//39 78//39 74//39
f 74//53 78//53 79//53 75//53
f 75//41 79//41 80//41 76//41
f 77//54 73//54 76//54 80//54
o Cube.004_Cube.015
v -0.448197 -2.723572 -2.651598
v -0.448197 -3.197083 -2.703605
v -0.970478 -3.197083 -2.703605
v -0.970478 -2.723572 -2.651598
v -0.448197 -2.975532 -0.357579
v -0.448197 -3.449043 -0.409586
v -0.970478 -3.449043 -0.409586
v -0.970478 -2.975532 -0.357579
vn -0.000000 0.109177 -0.994022
vn -0.000000 -0.109177 0.994022
vn -0.000000 -0.994022 -0.109177
vn 0.000000 0.994022 0.109177
usemtl 
s off
f 81//55 82//55 83//55 84//55
f 85//56 88//56 87//56 86//56
f 81//39 85//39 86//39 82//39
f 82//57 86//57 87//57 83//57
f 83//41 87//41 88//41 84//41
f 85//58 81//58 84//58 88//58
o Cube.003_Cube.014
v -0.307735 -2.370203 -1.421689
v -0.307735 -2.748902 -1.221168
v -0.870511 -2.748902 -1.221168
v -0.870511 -2.370203 -1.421689
v -0.307735 -1.782584 -0.311926
v -0.307735 -2.161283 -0.111405
v -0.870511 -2.161283 -0.111405
v -0.870511 -1.782584 -0.311926
vn 0.000000 -0.467948 -0.883756
vn 0.000000 0.467948 0.883756
vn -0.000000 -0.883756 0.467948
vn 0.000000 0.883756 -0.467948
usemtl 
s off
f 89//59 90//59 91//59 92//59
f 93//60 96//60 95//60 94//60
f 89//39 93//39 94//39 90//39
f 90//61 94//61 95//61 91//61
f 91//41 95//41 96//41 92//41
f 93//62 89//62 92//62 96//62
o Cube.002_Cube.013
v 1.087037 -2.296552 -0.353433
v 0.512291 -2.579133 0.934840
v -0.122485 -1.288052 0.934840
v 0.452261 -1.005471 -0.353433
v 2.243133 -1.728143 0.287025
v 1.668386 -2.010724 1.575298
v 1.033610 -0.719643 1.575297
v 1.608357 -0.437062 0.287024
vn -0.803575 -0.395087 -0.445167
vn 0.803575 0.395088 0.445167
vn 0.441218 -0.897400 0.000000
vn -0.399493 -0.196415 0.895448
vn -0.441218 0.897400 -0.000000
vn 0.399493 0.196415 -0.895448
usemtl 
s off
f 97//63 98//63 99//63 100//63
f 101//64 104//64 103//64 102//64
f 97//65 101//65 102//65 98//65
f 98//66 102//66 103//66 99//66
f 99//67 103//67 104//67 100//67
f 101//68 97//68 100//68 104//68
o Cube.001_Cube.012
v 0.510570 -1.930416 -0.059492
v 0.510570 -1.930416 0.390939
v 0.311832 -1.526199 0.390939
v 0.311832 -1.526199 -0.059492
v 0.940760 -1.718907 -0.059492
v 0.940760 -1.718907 0.390939
v 0.742022 -1.314691 0.390939
v 0.742022 -1.314691 -0.059492
vn -0.897400 -0.441218 0.000000
vn 0.897400 0.441218 0.000000
vn -0.000000 0.000000 1.000000
vn 0.000000 -0.000000 -1.000000
usemtl 
s off
f 105//69 106//69 107//69 108//69
f 109//70 112//70 111//70 110//70
f 105//65 109//65 110//65 106//65
f 106//71 110//71 111//71 107//71
f 107//67 111//67 112//67 108//67
f 109//72 105//72 108//72 112//72
o Cube_Cube.011
v -1.309989 -3.037076 -0.557796
v -1.309989 -3.037076 0.751796
v -1.887805 -1.861848 0.751796
v -1.887805 -1.861848 -0.557796
v 1.007896 -1.897460 -0.557796
v 1.007896 -1.897459 0.751797
v 0.430080 -0.722231 0.751796
v 0.430080 -0.722231 -0.557796
usemtl 
s off
f 113//69 114//69 115//69 116//69
f 117//70 120//70 119//70 118//70
f 113//65 117//65 118//65 114//65
f 114//71 118//71 119//71 115//71
f 115//67 119//67 120//67 116//67
f 117//72 113//72 116//72 120//72
