# Blender v2.59 (sub 0) OBJ File: 'zombie.blend'
# www.blender.org
mtllib zombie_000076.mtl
o Cube.015_Cube.026
v -2.285923 -2.019660 1.285169
v -2.307335 -1.523443 1.478534
v -2.694767 -1.491951 1.354819
v -2.673354 -1.988169 1.161453
v -2.171379 -1.887996 0.959975
v -2.192792 -1.391778 1.153341
v -2.580223 -1.360288 1.029625
v -2.558810 -1.856505 0.836259
vn -0.310365 -0.356754 0.881136
vn 0.310365 0.356754 -0.881136
vn 0.949768 -0.077199 0.303283
vn -0.040175 0.931003 0.362793
vn -0.949768 0.077199 -0.303283
vn 0.040175 -0.931003 -0.362793
usemtl 
s off
f 1//1 2//1 3//1 4//1
f 5//2 8//2 7//2 6//2
f 1//3 5//3 6//3 2//3
f 2//4 6//4 7//4 3//4
f 3//5 7//5 8//5 4//5
f 5//6 1//6 4//6 8//6
o Cube.014_Cube.025
v -2.172964 -1.393981 1.100338
v -2.350878 -1.418162 0.778541
v -2.045648 -1.550052 0.619698
v -1.867735 -1.525870 0.941495
v -1.792435 -0.147101 0.796256
v -1.970348 -0.171282 0.474459
v -1.665118 -0.303172 0.315617
v -1.487205 -0.278990 0.637414
vn -0.284264 -0.931447 0.227156
vn 0.284264 0.931447 -0.227156
vn -0.828307 0.357910 0.431054
vn -0.482805 -0.065622 -0.873266
vn 0.828307 -0.357910 -0.431054
vn 0.482805 0.065622 0.873266
usemtl 
s off
f 9//7 10//7 11//7 12//7
f 13//8 16//8 15//8 14//8
f 9//9 13//9 14//9 10//9
f 10//10 14//10 15//10 11//10
f 11//11 15//11 16//11 12//11
f 13//12 9//12 12//12 16//12
o Cube.013_Cube.024
v -2.516398 -1.883189 1.528618
v -2.519597 -2.080426 1.217365
v -2.162291 -2.158173 1.262961
v -2.159093 -1.960936 1.574214
v -2.189186 -0.788278 0.831425
v -2.192384 -0.985514 0.520172
v -1.835078 -1.063261 0.565768
v -1.831880 -0.866024 0.877021
vn -0.244436 -0.817923 0.520819
vn 0.244435 0.817924 -0.520819
vn -0.969627 0.210983 -0.123734
vn -0.008679 -0.535245 -0.844652
vn 0.969627 -0.210983 0.123734
vn 0.008678 0.535245 0.844652
usemtl 
s off
f 17//13 18//13 19//13 20//13
f 21//14 24//14 23//14 22//14
f 17//15 21//15 22//15 18//15
f 18//16 22//16 23//16 19//16
f 19//17 23//17 24//17 20//17
f 21//18 17//18 20//18 24//18
o Cube.011_Cube.022
v 0.617702 -2.039060 0.433453
v 0.590019 -2.441536 0.781774
v 0.203669 -2.341697 0.866430
v 0.231352 -1.939222 0.518109
v 0.734568 -1.814604 0.702095
v 0.706885 -2.217080 1.050416
v 0.320535 -2.117241 1.135071
v 0.348218 -1.714766 0.786750
vn -0.316657 -0.608181 -0.727904
vn 0.316657 0.608181 0.727904
vn 0.947117 -0.244748 -0.207528
vn -0.051939 -0.755125 0.653520
vn -0.947117 0.244748 0.207528
vn 0.051939 0.755126 -0.653520
usemtl 
s off
f 25//19 26//19 27//19 28//19
f 29//20 32//20 31//20 30//20
f 25//21 29//21 30//21 26//21
f 26//22 30//22 31//22 27//22
f 27//23 31//23 32//23 28//23
f 29//24 25//24 28//24 32//24
o Cube.010_Cube.021
v 0.644000 -2.643203 0.239945
v 0.667201 -2.586397 0.603298
v 0.304338 -2.642118 0.635179
v 0.281137 -2.698924 0.271826
v 0.426554 -1.336137 0.049485
v 0.449755 -1.279331 0.412839
v 0.086891 -1.335052 0.444720
v 0.063690 -1.391858 0.081366
vn 0.162437 -0.976407 0.142277
vn -0.162437 0.976407 -0.142277
vn 0.984708 0.151211 -0.086516
vn 0.062961 0.154155 0.986039
vn -0.984708 -0.151211 0.086516
vn -0.062961 -0.154155 -0.986039
usemtl 
s off
f 33//25 34//25 35//25 36//25
f 37//26 40//26 39//26 38//26
f 33//27 37//27 38//27 34//27
f 34//28 38//28 39//28 35//28
f 35//29 39//29 40//29 36//29
f 37//30 33//30 36//30 40//30
o Cube.009_Cube.020
v 0.404252 -1.401567 -0.020375
v 0.445297 -1.357059 0.343116
v 0.112544 -1.505256 0.398835
v 0.071500 -1.549763 0.035344
v -0.151233 -0.186654 -0.106410
v -0.110189 -0.142147 0.257081
v -0.442941 -0.290343 0.312800
v -0.483985 -0.334850 -0.050691
vn 0.414960 -0.907567 0.064270
vn -0.414960 0.907567 -0.064270
vn 0.902996 0.402163 -0.151206
vn 0.111382 0.120780 0.986411
vn -0.902996 -0.402163 0.151206
vn -0.111382 -0.120780 -0.986411
usemtl 
s off
f 41//31 42//31 43//31 44//31
f 45//32 48//32 47//32 46//32
f 41//33 45//33 46//33 42//33
f 42//34 46//34 47//34 43//34
f 43//35 47//35 48//35 44//35
f 45//36 41//36 44//36 48//36
o Cube.008_Cube.019
v -1.146648 -2.706276 -0.331710
v -1.146648 -3.146121 -0.371087
v -1.588252 -3.146121 -0.371087
v -1.588252 -2.706276 -0.331710
v -1.146648 -2.849322 1.266119
v -1.146648 -3.289167 1.226742
v -1.588252 -3.289167 1.226742
v -1.588252 -2.849322 1.266119
vn 0.000000 0.089168 -0.996017
vn 0.000000 -0.089168 0.996017
vn 1.000000 -0.000000 0.000000
vn -0.000000 -0.996017 -0.089168
vn -1.000000 0.000000 -0.000000
vn 0.000000 0.996017 0.089169
usemtl 
s off
f 49//37 50//37 51//37 52//37
f 53//38 56//38 55//38 54//38
f 49//39 53//39 54//39 50//39
f 50//40 54//40 55//40 51//40
f 51//41 55//41 56//41 52//41
f 53//42 49//42 52//42 56//42
o Cube.007_Cube.018
v -1.146648 -2.841806 0.089277
v -1.146648 -3.276325 0.168064
v -1.588252 -3.276325 0.168064
v -1.588252 -2.841806 0.089277
v -1.146648 -2.555597 1.667759
v -1.146648 -2.990116 1.746545
v -1.588252 -2.990116 1.746545
v -1.588252 -2.555597 1.667759
vn 0.000000 -0.178410 -0.983956
vn 0.000000 0.178410 0.983956
vn -0.000000 -0.983956 0.178410
vn 0.000000 0.983956 -0.178410
usemtl 
s off
f 57//43 58//43 59//43 60//43
f 61//44 64//44 63//44 62//44
f 57//39 61//39 62//39 58//39
f 58//45 62//45 63//45 59//45
f 59//41 63//41 64//41 60//41
f 61//46 57//46 60//46 64//46
o Cube.006_Cube.017
v -1.146648 -2.711348 1.429256
v -1.146648 -2.286620 1.550173
v -1.588252 -2.286620 1.550173
v -1.588252 -2.711348 1.429256
v -1.146648 -2.272093 -0.113655
v -1.146648 -1.847365 0.007262
v -1.588252 -1.847365 0.007262
v -1.588252 -2.272093 -0.113655
vn 0.000000 -0.273812 0.961783
vn -0.000000 0.273812 -0.961783
vn -0.000000 0.961783 0.273812
vn 0.000001 -0.961783 -0.273812
usemtl 
s off
f 65//47 66//47 67//47 68//47
f 69//48 72//48 71//48 70//48
f 65//39 69//39 70//39 66//39
f 66//49 70//49 71//49 67//49
f 67//41 71//41 72//41 68//41
f 69//50 65//50 68//50 72//50
o Cube.005_Cube.016
v -0.427949 -3.632206 -1.778063
v -0.427949 -3.256963 -1.571145
v -0.990725 -3.256963 -1.571145
v -0.990725 -3.632206 -1.778063
v -0.427949 -3.025842 -2.877697
v -0.427950 -2.650599 -2.670779
v -0.990725 -2.650600 -2.670779
v -0.990725 -3.025842 -2.877697
vn 0.000000 -0.482875 0.875689
vn -0.000000 0.482875 -0.875689
vn -0.000000 0.875689 0.482875
vn 0.000000 -0.875689 -0.482875
usemtl 
s off
f 73//51 74//51 75//51 76//51
f 77//52 80//52 79//52 78//52
f 73//39 77//39 78//39 74//39
f 74//53 78//53 79//53 75//53
f 75//41 79//41 80//41 76//41
f 77//54 73//54 76//54 80//54
o Cube.004_Cube.015
v -0.448197 -2.723572 -2.651598
v -0.448197 -3.197083 -2.703605
v -0.970478 -3.197083 -2.703605
v -0.970478 -2.723572 -2.651598
v -0.448197 -2.975532 -0.357579
v -0.448197 -3.449043 -0.409586
v -0.970478 -3.449043 -0.409586
v -0.970478 -2.975532 -0.357579
vn -0.000000 0.109177 -0.994022
vn -0.000000 -0.109177 0.994022
vn -0.000000 -0.994022 -0.109177
vn 0.000000 0.994022 0.109177
usemtl 
s off
f 81//55 82//55 83//55 84//55
f 85//56 88//56 87//56 86//56
f 81//39 85//39 86//39 82//39
f 82//57 86//57 87//57 83//57
f 83//41 87//41 88//41 84//41
f 85//58 81//58 84//58 88//58
o Cube.003_Cube.014
v -0.307735 -2.370203 -1.421689
v -0.307735 -2.748902 -1.221168
v -0.870511 -2.748902 -1.221168
v -0.870511 -2.370203 -1.421689
v -0.307735 -1.782584 -0.311926
v -0.307735 -2.161283 -0.111405
v -0.870511 -2.161283 -0.111405
v -0.870511 -1.782584 -0.311926
vn 0.000000 -0.467948 -0.883756
vn 0.000000 0.467948 0.883756
vn -0.000000 -0.883756 0.467948
vn 0.000000 0.883756 -0.467948
usemtl 
s off
f 89//59 90//59 91//59 92//59
f 93//60 96//60 95//60 94//60
f 89//39 93//39 94//39 90//39
f 90//61 94//61 95//61 91//61
f 91//41 95//41 96//41 92//41
f 93//62 89//62 92//62 96//62
o Cube.002_Cube.013
v -0.227418 0.597389 -0.353433
v -0.249260 -0.042695 0.934840
v -1.687114 0.006369 0.934840
v -1.665272 0.646453 -0.353433
v -0.183484 1.884913 0.287025
v -0.205326 1.244828 1.575298
v -1.643181 1.293892 1.575297
v -1.621338 1.933977 0.287024
vn -0.030537 -0.894927 -0.445167
vn 0.030537 0.894927 0.445167
vn 0.999418 -0.034103 0.000000
vn -0.015182 -0.444908 0.895448
vn -0.999418 0.034103 -0.000000
vn 0.015182 0.444908 -0.895448
usemtl 
s off
f 97//63 98//63 99//63 100//63
f 101//64 104//64 103//64 102//64
f 97//65 101//65 102//65 98//65
f 98//66 102//66 103//66 99//66
f 99//67 103//67 104//67 100//67
f 101//68 97//68 100//68 104//68
o Cube.001_Cube.012
v -0.730036 0.114036 -0.059492
v -0.730036 0.114036 0.390939
v -1.180205 0.129397 0.390939
v -1.180205 0.129397 -0.059492
v -0.713688 0.593131 -0.059492
v -0.713688 0.593131 0.390939
v -1.163857 0.608492 0.390939
v -1.163857 0.608492 -0.059492
vn -0.034103 -0.999418 -0.000000
vn 0.034103 0.999418 0.000000
vn -0.000000 0.000000 1.000000
vn 0.000000 0.000000 -1.000000
usemtl 
s off
f 105//69 106//69 107//69 108//69
f 109//70 112//70 111//70 110//70
f 105//65 109//65 110//65 106//65
f 106//71 110//71 111//71 107//71
f 107//67 111//67 112//67 108//67
f 109//72 105//72 108//72 112//72
o Cube_Cube.011
v -0.364354 -2.366740 -0.557796
v -0.364354 -2.366740 0.751796
v -1.673184 -2.322079 0.751796
v -1.673184 -2.322079 -0.557796
v -0.276269 0.214647 -0.557796
v -0.276270 0.214647 0.751797
v -1.585101 0.259308 0.751796
v -1.585100 0.259308 -0.557796
usemtl 
s off
f 113//69 114//69 115//69 116//69
f 117//70 120//70 119//70 118//70
f 113//65 117//65 118//65 114//65
f 114//71 118//71 119//71 115//71
f 115//67 119//67 120//67 116//67
f 117//72 113//72 116//72 120//72
