# Blender v2.59 (sub 0) OBJ File: 'zombie.blend'
# www.blender.org
mtllib zombie_000017.mtl
o Cube.015_Cube.026
v -2.299963 0.407318 1.873283
v -2.331686 0.833164 2.192235
v -2.724102 0.879730 2.091032
v -2.692379 0.453885 1.772081
v -2.201597 0.625225 1.592131
v -2.233320 1.051070 1.911082
v -2.625735 1.097637 1.809879
v -2.594012 0.671792 1.490928
vn -0.266532 -0.590435 0.761806
vn 0.266532 0.590435 -0.761805
vn 0.961987 -0.114156 0.248092
vn -0.059518 0.798971 0.598416
vn -0.961987 0.114156 -0.248093
vn 0.059518 -0.798971 -0.598416
usemtl 
s off
f 1//1 2//1 3//1 4//1
f 5//2 8//2 7//2 6//2
f 1//3 5//3 6//3 2//3
f 2//4 6//4 7//4 3//4
f 3//5 7//5 8//5 4//5
f 5//6 1//6 4//6 8//6
o Cube.014_Cube.025
v -2.202336 1.528931 0.869582
v -2.371557 1.340020 0.602247
v -2.058684 1.158184 0.532696
v -1.889464 1.347095 0.800031
v -1.852647 2.469511 -0.016423
v -2.021867 2.280599 -0.283759
v -1.708994 2.098763 -0.353310
v -1.539774 2.287675 -0.085974
vn -0.261226 -0.702634 0.661866
vn 0.261226 0.702634 -0.661866
vn -0.849048 0.493451 0.188742
vn -0.459215 -0.512651 -0.725472
vn 0.849048 -0.493451 -0.188743
vn 0.459215 0.512651 0.725472
usemtl 
s off
f 9//7 10//7 11//7 12//7
f 13//8 16//8 15//8 14//8
f 9//9 13//9 14//9 10//9
f 10//10 14//10 15//10 11//10
f 11//11 15//11 16//11 12//11
f 13//12 9//12 12//12 16//12
o Cube.013_Cube.024
v -2.506753 0.995135 1.820904
v -2.522360 0.677134 1.635370
v -2.161167 0.627934 1.689315
v -2.145560 0.945935 1.874849
v -2.247653 1.647465 0.681031
v -2.263259 1.329463 0.495497
v -1.902066 1.280263 0.549442
v -1.886460 1.598264 0.734976
vn -0.193554 -0.487305 0.851511
vn 0.193554 0.487305 -0.851511
vn -0.980175 0.133515 -0.146392
vn -0.042352 -0.862965 -0.503486
vn 0.980175 -0.133515 0.146392
vn 0.042352 0.862965 0.503486
usemtl 
s off
f 17//13 18//13 19//13 20//13
f 21//14 24//14 23//14 22//14
f 17//15 21//15 22//15 18//15
f 18//16 22//16 23//16 19//16
f 19//17 23//17 24//17 20//17
f 21//18 17//18 20//18 24//18
o Cube.011_Cube.022
v 0.666769 0.012346 -2.380898
v 0.635046 -0.243249 -1.914266
v 0.242630 -0.136483 -1.882463
v 0.274353 0.119112 -2.349095
v 0.765135 0.321462 -2.204895
v 0.733413 0.065867 -1.738263
v 0.340997 0.172633 -1.706460
v 0.372720 0.428228 -2.173092
vn -0.266532 -0.837575 -0.476896
vn 0.266532 0.837575 0.476896
vn 0.961987 -0.261731 -0.077964
vn -0.059518 -0.479547 0.875495
vn -0.961987 0.261731 0.077964
vn 0.059518 0.479547 -0.875495
usemtl 
s off
f 25//19 26//19 27//19 28//19
f 29//20 32//20 31//20 30//20
f 25//21 29//21 30//21 26//21
f 26//22 30//22 31//22 27//22
f 27//23 31//23 32//23 28//23
f 29//24 25//24 28//24 32//24
o Cube.010_Cube.021
v 0.699048 0.262951 -2.181721
v 0.715335 0.099641 -1.851788
v 0.354288 0.028046 -1.869404
v 0.338002 0.191357 -2.199337
v 0.437824 1.434436 -1.588961
v 0.454110 1.271125 -1.259029
v 0.093063 1.199530 -1.276645
v 0.076777 1.362841 -1.606578
vn 0.195141 -0.875125 -0.442805
vn -0.195141 0.875125 0.442804
vn 0.979779 0.194288 0.047805
vn 0.044196 -0.443179 0.895343
vn -0.979779 -0.194288 -0.047805
vn -0.044197 0.443179 -0.895343
usemtl 
s off
f 33//25 34//25 35//25 36//25
f 37//26 40//26 39//26 38//26
f 33//27 37//27 38//27 34//27
f 34//28 38//28 39//28 35//28
f 35//29 39//29 40//29 36//29
f 37//30 33//30 36//30 40//30
o Cube.009_Cube.020
v 0.424778 1.531449 -1.378971
v 0.461114 1.246154 -1.148585
v 0.133145 1.117310 -1.256410
v 0.096809 1.402605 -1.486796
v -0.171106 2.237702 -0.410411
v -0.134770 1.952407 -0.180026
v -0.462740 1.823563 -0.287851
v -0.499076 2.108858 -0.518237
vn 0.445139 -0.527587 -0.723535
vn -0.445139 0.527587 0.723535
vn 0.890016 0.349646 0.292608
vn 0.098605 -0.774209 0.625202
vn -0.890016 -0.349646 -0.292608
vn -0.098605 0.774209 -0.625202
usemtl 
s off
f 41//31 42//31 43//31 44//31
f 45//32 48//32 47//32 46//32
f 41//33 45//33 46//33 42//33
f 42//34 46//34 47//34 43//34
f 43//35 47//35 48//35 44//35
f 45//36 41//36 44//36 48//36
o Cube.008_Cube.019
v -1.146648 -2.979473 0.649938
v -1.146648 -3.387335 0.819239
v -1.588252 -3.387335 0.819239
v -1.588252 -2.979473 0.649938
v -1.146648 -2.364453 2.131582
v -1.146648 -2.772315 2.300883
v -1.588252 -2.772315 2.300883
v -1.588252 -2.364453 2.131582
vn 0.000000 -0.383377 -0.923592
vn 0.000000 0.383377 0.923592
vn 1.000000 -0.000000 0.000000
vn -0.000000 -0.923592 0.383377
vn -1.000000 0.000000 -0.000000
vn 0.000000 0.923592 -0.383377
usemtl 
s off
f 49//37 50//37 51//37 52//37
f 53//38 56//38 55//38 54//38
f 49//39 53//39 54//39 50//39
f 50//40 54//40 55//40 51//40
f 51//41 55//41 56//41 52//41
f 53//42 49//42 52//42 56//42
o Cube.007_Cube.018
v -1.146648 -2.966072 0.840927
v -1.146648 -2.813056 1.255174
v -1.588252 -2.813056 1.255174
v -1.588252 -2.966072 0.840927
v -1.146648 -1.461234 0.285064
v -1.146648 -1.308218 0.699311
v -1.588252 -1.308218 0.699310
v -1.588252 -1.461234 0.285064
vn -0.000000 -0.938050 0.346501
vn -0.000000 0.938050 -0.346501
vn -0.000000 0.346501 0.938050
vn 0.000000 -0.346501 -0.938050
usemtl 
s off
f 57//43 58//43 59//43 60//43
f 61//44 64//44 63//44 62//44
f 57//39 61//39 62//39 58//39
f 58//45 62//45 63//45 59//45
f 59//41 63//41 64//41 60//41
f 61//46 57//46 60//46 64//46
o Cube.006_Cube.017
v -1.146648 -1.369334 0.352300
v -1.146648 -1.129058 0.722815
v -1.588252 -1.129058 0.722815
v -1.588252 -1.369334 0.352300
v -1.146648 -0.023361 -0.520555
v -1.146648 0.216916 -0.150040
v -1.588252 0.216915 -0.150040
v -1.588252 -0.023361 -0.520555
vn -0.000000 -0.839021 0.544100
vn -0.000000 0.839021 -0.544100
vn -0.000000 0.544100 0.839021
vn 0.000000 -0.544100 -0.839021
usemtl 
s off
f 65//47 66//47 67//47 68//47
f 69//48 72//48 71//48 70//48
f 65//39 69//39 70//39 66//39
f 66//49 70//49 71//49 67//49
f 67//41 71//41 72//41 68//41
f 69//50 65//50 68//50 72//50
o Cube.005_Cube.016
v -0.427949 -2.982774 -2.739336
v -0.427949 -2.918949 -2.315605
v -0.990725 -2.918949 -2.315605
v -0.990725 -2.982774 -2.739336
v -0.427949 -1.741045 -2.926372
v -0.427950 -1.677221 -2.502640
v -0.990725 -1.677221 -2.502641
v -0.990725 -1.741045 -2.926372
vn 0.000000 -0.988845 0.148945
vn -0.000000 0.988845 -0.148945
vn -0.000000 0.148945 0.988846
vn 0.000000 -0.148945 -0.988846
usemtl 
s off
f 73//51 74//51 75//51 76//51
f 77//52 80//52 79//52 78//52
f 73//39 77//39 78//39 74//39
f 74//53 78//53 79//53 75//53
f 75//41 79//41 80//41 76//41
f 77//54 73//54 76//54 80//54
o Cube.004_Cube.015
v -0.448197 -1.730247 -2.826330
v -0.448197 -2.174718 -2.654974
v -0.970478 -2.174718 -2.654974
v -0.970478 -1.730247 -2.826330
v -0.448197 -0.900080 -0.673000
v -0.448197 -1.344551 -0.501644
v -0.970478 -1.344550 -0.501644
v -0.970478 -0.900080 -0.673000
vn -0.000000 -0.359720 -0.933060
vn -0.000000 0.359720 0.933060
vn -0.000000 -0.933060 0.359720
vn 0.000000 0.933060 -0.359720
usemtl 
s off
f 81//55 82//55 83//55 84//55
f 85//56 88//56 87//56 86//56
f 81//39 85//39 86//39 82//39
f 82//57 86//57 87//57 83//57
f 83//41 87//41 88//41 84//41
f 85//58 81//58 84//58 88//58
o Cube.003_Cube.014
v -0.427949 -0.905924 -0.914450
v -0.427949 -1.033558 -0.505389
v -0.990725 -1.033558 -0.505389
v -0.990725 -0.905924 -0.914450
v -0.427949 0.292815 -0.540423
v -0.427950 0.165181 -0.131362
v -0.990725 0.165181 -0.131362
v -0.990725 0.292815 -0.540424
vn -0.000000 -0.954611 -0.297855
vn -0.000000 0.954611 0.297855
vn -0.000000 -0.297855 0.954611
vn 0.000000 0.297855 -0.954611
usemtl 
s off
f 89//59 90//59 91//59 92//59
f 93//60 96//60 95//60 94//60
f 89//39 93//39 94//39 90//39
f 90//61 94//61 95//61 91//61
f 91//41 95//41 96//41 92//41
f 93//62 89//62 92//62 96//62
o Cube.002_Cube.013
v -0.269446 2.950363 -0.735888
v -0.269446 2.950363 0.702803
v -1.708137 2.950363 0.702802
v -1.708137 2.950363 -0.735889
v -0.269445 4.389054 -0.735888
v -0.269446 4.389054 0.702803
v -1.708137 4.389054 0.702802
v -1.708136 4.389054 -0.735889
vn 0.000000 -1.000000 0.000000
vn 0.000000 1.000000 0.000000
vn -0.000000 0.000000 1.000000
vn 0.000000 0.000000 -1.000000
usemtl 
s off
f 97//63 98//63 99//63 100//63
f 101//64 104//64 103//64 102//64
f 97//39 101//39 102//39 98//39
f 98//65 102//65 103//65 99//65
f 99//41 103//41 104//41 100//41
f 101//66 97//66 100//66 104//66
o Cube.001_Cube.012
v -0.763576 2.536617 -0.447929
v -0.763576 2.536617 0.002502
v -1.214007 2.536617 0.002502
v -1.214006 2.536617 -0.447929
v -0.763576 3.015990 -0.447929
v -0.763576 3.015990 0.002502
v -1.214007 3.015990 0.002502
v -1.214006 3.015990 -0.447929
usemtl 
s off
f 105//63 106//63 107//63 108//63
f 109//64 112//64 111//64 110//64
f 105//39 109//39 110//39 106//39
f 106//65 110//65 111//65 107//65
f 107//41 111//41 112//41 108//41
f 109//66 105//66 108//66 112//66
o Cube_Cube.011
v -0.333995 -0.027058 -0.946233
v -0.333995 -0.027058 0.363359
v -1.643587 -0.027058 0.363359
v -1.643587 -0.027058 -0.946233
v -0.333995 2.555831 -0.946233
v -0.333995 2.555831 0.363360
v -1.643588 2.555831 0.363359
v -1.643587 2.555831 -0.946233
usemtl 
s off
f 113//63 114//63 115//63 116//63
f 117//64 120//64 119//64 118//64
f 113//39 117//39 118//39 114//39
f 114//65 118//65 119//65 115//65
f 115//41 119//41 120//41 116//41
f 117//66 113//66 116//66 120//66
