# Blender v2.59 (sub 0) OBJ File: 'zombie.blend'
# www.blender.org
mtllib zombie_000027.mtl
o Cube.015_Cube.026
v -2.299905 -0.292964 1.534204
v -2.331557 0.137434 1.846992
v -2.724019 0.182486 1.745285
v -2.692367 -0.247912 1.432497
v -2.201679 -0.079123 1.249898
v -2.233332 0.351275 1.562686
v -2.625794 0.396327 1.460979
v -2.594141 -0.034071 1.148191
vn -0.266150 -0.579418 0.770350
vn 0.266150 0.579418 -0.770350
vn 0.962101 -0.110442 0.249329
vn -0.059387 0.807513 0.586853
vn -0.962101 0.110442 -0.249329
vn 0.059387 -0.807513 -0.586853
usemtl 
s off
f 1//1 2//1 3//1 4//1
f 5//2 8//2 7//2 6//2
f 1//3 5//3 6//3 2//3
f 2//4 6//4 7//4 3//4
f 3//5 7//5 8//5 4//5
f 5//6 1//6 4//6 8//6
o Cube.014_Cube.025
v -2.201744 1.207872 0.671740
v -2.371176 1.128726 0.354218
v -2.058337 0.984652 0.223198
v -1.888906 1.063798 0.540720
v -1.852993 2.405949 0.187011
v -2.022424 2.326803 -0.130511
v -1.709586 2.182729 -0.261530
v -1.540155 2.261875 0.055991
vn -0.260525 -0.894991 0.362103
vn 0.260525 0.894991 -0.362103
vn -0.848953 0.390976 0.355550
vn -0.459787 -0.214779 -0.861664
vn 0.848954 -0.390976 -0.355550
vn 0.459787 0.214779 0.861664
usemtl 
s off
f 9//7 10//7 11//7 12//7
f 13//8 16//8 15//8 14//8
f 9//9 13//9 14//9 10//9
f 10//10 14//10 15//10 11//10
f 11//11 15//11 16//11 12//11
f 13//12 9//12 12//12 16//12
o Cube.013_Cube.024
v -2.505929 0.201570 1.449917
v -2.521693 0.012203 1.134192
v -2.160423 -0.056606 1.157423
v -2.144658 0.132761 1.473149
v -2.248397 1.322404 0.764800
v -2.264161 1.133036 0.449074
v -1.902890 1.064228 0.472306
v -1.887126 1.253595 0.788031
vn -0.192382 -0.837288 0.511798
vn 0.192383 0.837288 -0.511798
vn -0.980387 0.186726 -0.063044
vn -0.042780 -0.513889 -0.856789
vn 0.980387 -0.186726 0.063044
vn 0.042780 0.513889 0.856789
usemtl 
s off
f 17//13 18//13 19//13 20//13
f 21//14 24//14 23//14 22//14
f 17//15 21//15 22//15 18//15
f 18//16 22//16 23//16 19//16
f 19//17 23//17 24//17 20//17
f 21//18 17//18 20//18 24//18
o Cube.011_Cube.022
v 0.666936 -0.067188 -2.083817
v 0.635229 -0.331537 -1.622087
v 0.242731 -0.225650 -1.588417
v 0.274437 0.038699 -2.050148
v 0.765035 0.238628 -1.901996
v 0.733328 -0.025721 -1.440265
v 0.340830 0.080166 -1.406596
v 0.372537 0.344515 -1.868326
vn -0.265808 -0.828633 -0.492660
vn 0.265808 0.828633 0.492660
vn 0.962189 -0.259577 -0.082539
vn -0.059488 -0.495972 0.866299
vn -0.962189 0.259577 0.082539
vn 0.059488 0.495972 -0.866298
usemtl 
s off
f 25//19 26//19 27//19 28//19
f 29//20 32//20 31//20 30//20
f 25//21 29//21 30//21 26//21
f 26//22 30//22 31//22 27//22
f 27//23 31//23 32//23 28//23
f 29//24 25//24 28//24 32//24
o Cube.010_Cube.021
v 0.698284 0.245156 -1.734044
v 0.714183 0.090420 -1.399986
v 0.353007 0.019065 -1.415847
v 0.337108 0.173802 -1.749905
v 0.439105 1.432093 -1.171917
v 0.455004 1.277356 -0.837859
v 0.093828 1.206002 -0.853720
v 0.077929 1.360738 -1.187778
vn 0.193613 -0.886668 -0.419921
vn -0.193613 0.886668 0.419921
vn 0.980129 0.193636 0.043043
vn 0.043146 -0.419911 0.906539
vn -0.980129 -0.193636 -0.043044
vn -0.043146 0.419911 -0.906539
usemtl 
s off
f 33//25 34//25 35//25 36//25
f 37//26 40//26 39//26 38//26
f 33//27 37//27 38//27 34//27
f 34//28 38//28 39//28 35//28
f 35//29 39//29 40//29 36//29
f 37//30 33//30 36//30 40//30
o Cube.009_Cube.020
v 0.424602 1.584329 -1.121733
v 0.461230 1.314417 -0.873545
v 0.133288 1.178729 -0.972713
v 0.096661 1.448641 -1.220901
v -0.171250 2.350887 -0.200144
v -0.134622 2.080975 0.048044
v -0.462564 1.945287 -0.051123
v -0.499191 2.215199 -0.299311
vn 0.445115 -0.572636 -0.688448
vn -0.445115 0.572636 0.688448
vn 0.889940 0.368219 0.269112
vn 0.099396 -0.732463 0.673511
vn -0.889940 -0.368219 -0.269112
vn -0.099396 0.732463 -0.673512
usemtl 
s off
f 41//31 42//31 43//31 44//31
f 45//32 48//32 47//32 46//32
f 41//33 45//33 46//33 42//33
f 42//34 46//34 47//34 43//34
f 43//35 47//35 48//35 44//35
f 45//36 41//36 44//36 48//36
o Cube.008_Cube.019
v -1.146648 -1.876957 -2.267227
v -1.146648 -2.110151 -2.642240
v -1.588252 -2.110151 -2.642240
v -1.588252 -1.876957 -2.267227
v -1.146648 -3.239270 -1.420102
v -1.146648 -3.472464 -1.795114
v -1.588252 -3.472464 -1.795114
v -1.588252 -3.239270 -1.420101
vn -0.000000 0.849206 -0.528061
vn 0.000000 -0.849206 0.528061
vn 1.000000 -0.000000 -0.000000
vn -0.000000 -0.528061 -0.849206
vn -1.000000 0.000000 0.000000
vn 0.000001 0.528061 0.849206
usemtl 
s off
f 49//37 50//37 51//37 52//37
f 53//38 56//38 55//38 54//38
f 49//39 53//39 54//39 50//39
f 50//40 54//40 55//40 51//40
f 51//41 55//41 56//41 52//41
f 53//42 49//42 52//42 56//42
o Cube.007_Cube.018
v -1.146648 -2.065815 -2.358632
v -1.146648 -2.412078 -2.084559
v -1.588252 -2.412078 -2.084559
v -1.588252 -2.065815 -2.358632
v -1.146648 -1.070187 -1.100759
v -1.146648 -1.416450 -0.826686
v -1.588252 -1.416449 -0.826686
v -1.588252 -1.070186 -1.100759
vn 0.000000 -0.620631 -0.784103
vn -0.000000 0.620631 0.784103
vn -0.000000 -0.784103 0.620631
vn 0.000000 0.784103 -0.620631
usemtl 
s off
f 57//43 58//43 59//43 60//43
f 61//44 64//44 63//44 62//44
f 57//39 61//39 62//39 58//39
f 58//45 62//45 63//45 59//45
f 59//41 63//41 64//41 60//41
f 61//46 57//46 60//46 64//46
o Cube.006_Cube.017
v -1.146648 -1.218316 -1.146108
v -1.146648 -1.391442 -0.739855
v -1.588252 -1.391442 -0.739855
v -1.588252 -1.218316 -1.146108
v -1.146648 0.257483 -0.517189
v -1.146648 0.084356 -0.110936
v -1.588252 0.084356 -0.110937
v -1.588252 0.257483 -0.517189
vn 0.000000 -0.919948 -0.392041
vn -0.000000 0.919948 0.392040
vn -0.000000 -0.392040 0.919948
vn 0.000000 0.392040 -0.919948
usemtl 
s off
f 65//47 66//47 67//47 68//47
f 69//48 72//48 71//48 70//48
f 65//39 69//39 70//39 66//39
f 66//49 70//49 71//49 67//49
f 67//41 71//41 72//41 68//41
f 69//50 65//50 68//50 72//50
o Cube.005_Cube.016
v -0.427949 -2.578466 2.269761
v -0.427949 -2.263229 1.979508
v -0.990725 -2.263229 1.979508
v -0.990725 -2.578466 2.269762
v -0.427949 -3.429044 1.345971
v -0.427950 -3.113807 1.055717
v -0.990725 -3.113807 1.055717
v -0.990725 -3.429044 1.345971
vn 0.000000 0.677354 0.735657
vn 0.000000 -0.677354 -0.735657
vn -0.000000 0.735657 -0.677354
vn 0.000000 -0.735657 0.677354
usemtl 
s off
f 73//51 74//51 75//51 76//51
f 77//52 80//52 79//52 78//52
f 73//39 77//39 78//39 74//39
f 74//53 78//53 79//53 75//53
f 75//41 79//41 80//41 76//41
f 77//54 73//54 76//54 80//54
o Cube.004_Cube.015
v -0.448197 -2.982685 1.387641
v -0.448197 -2.747946 1.802147
v -0.970478 -2.747946 1.802147
v -0.970478 -2.982685 1.387641
v -0.448197 -0.974528 0.250402
v -0.448197 -0.739789 0.664908
v -0.970478 -0.739789 0.664908
v -0.970478 -0.974528 0.250402
vn 0.000000 -0.870155 0.492777
vn -0.000000 0.870155 -0.492777
vn -0.000000 0.492777 0.870155
vn 0.000000 -0.492777 -0.870155
usemtl 
s off
f 81//55 82//55 83//55 84//55
f 85//56 88//56 87//56 86//56
f 81//39 85//39 86//39 82//39
f 82//57 86//57 87//57 83//57
f 83//41 87//41 88//41 84//41
f 85//58 81//58 84//58 88//58
o Cube.003_Cube.014
v -0.427949 -1.030919 0.191494
v -0.427949 -0.855441 0.582428
v -0.990725 -0.855441 0.582428
v -0.990725 -1.030919 0.191494
v -0.427949 0.114699 -0.322736
v -0.427950 0.290176 0.068198
v -0.990725 0.290176 0.068198
v -0.990725 0.114699 -0.322736
vn -0.000000 -0.912308 0.409505
vn -0.000000 0.912308 -0.409505
vn -0.000000 0.409505 0.912308
vn 0.000000 -0.409505 -0.912308
usemtl 
s off
f 89//59 90//59 91//59 92//59
f 93//60 96//60 95//60 94//60
f 89//39 93//39 94//39 90//39
f 90//61 94//61 95//61 91//61
f 91//41 95//41 96//41 92//41
f 93//62 89//62 92//62 96//62
o Cube.002_Cube.013
v -0.269446 2.934739 -0.735888
v -0.269446 2.934739 0.702803
v -1.708137 2.934739 0.702802
v -1.708137 2.934739 -0.735889
v -0.269445 4.373430 -0.735888
v -0.269446 4.373430 0.702803
v -1.708137 4.373430 0.702802
v -1.708136 4.373430 -0.735889
vn 0.000000 -1.000000 0.000000
vn 0.000000 1.000000 0.000000
vn -0.000000 0.000000 1.000000
vn 0.000000 0.000000 -1.000000
usemtl 
s off
f 97//63 98//63 99//63 100//63
f 101//64 104//64 103//64 102//64
f 97//39 101//39 102//39 98//39
f 98//65 102//65 103//65 99//65
f 99//41 103//41 104//41 100//41
f 101//66 97//66 100//66 104//66
o Cube.001_Cube.012
v -0.763576 2.520993 -0.447929
v -0.763576 2.520993 0.002502
v -1.214007 2.520993 0.002502
v -1.214006 2.520993 -0.447929
v -0.763576 3.000367 -0.447929
v -0.763576 3.000367 0.002502
v -1.214007 3.000367 0.002502
v -1.214006 3.000367 -0.447929
usemtl 
s off
f 105//63 106//63 107//63 108//63
f 109//64 112//64 111//64 110//64
f 105//39 109//39 110//39 106//39
f 106//65 110//65 111//65 107//65
f 107//41 111//41 112//41 108//41
f 109//66 105//66 108//66 112//66
o Cube_Cube.011
v -0.333995 -0.042682 -0.946233
v -0.333995 -0.042682 0.363359
v -1.643587 -0.042682 0.363359
v -1.643587 -0.042682 -0.946233
v -0.333995 2.540208 -0.946233
v -0.333995 2.540208 0.363360
v -1.643588 2.540208 0.363359
v -1.643587 2.540208 -0.946233
usemtl 
s off
f 113//63 114//63 115//63 116//63
f 117//64 120//64 119//64 118//64
f 113//39 117//39 118//39 114//39
f 114//65 118//65 119//65 115//65
f 115//41 119//41 120//41 116//41
f 117//66 113//66 116//66 120//66
