# Blender v2.59 (sub 0) OBJ File: 'zombie.blend'
# www.blender.org
mtllib zombie_000029.mtl
o Cube.015_Cube.026
v -2.299642 -0.038859 1.670892
v -2.331182 0.421056 1.938407
v -2.723797 0.455351 1.833157
v -2.692257 -0.004564 1.565642
v -2.201901 0.145062 1.366217
v -2.233441 0.604976 1.633733
v -2.626057 0.639271 1.528483
v -2.594517 0.179356 1.260968
vn -0.264835 -0.498346 0.825538
vn 0.264835 0.498346 -0.825538
vn 0.962476 -0.084072 0.258014
vn -0.059176 0.862892 0.501912
vn -0.962476 0.084072 -0.258014
vn 0.059176 -0.862892 -0.501912
usemtl 
s off
f 1//1 2//1 3//1 4//1
f 5//2 8//2 7//2 6//2
f 1//3 5//3 6//3 2//3
f 2//4 6//4 7//4 3//4
f 3//5 7//5 8//5 4//5
f 5//6 1//6 4//6 8//6
o Cube.014_Cube.025
v -2.201744 1.253193 0.671740
v -2.371176 1.174047 0.354218
v -2.058337 1.029973 0.223198
v -1.888906 1.109119 0.540720
v -1.852993 2.451270 0.187011
v -2.022424 2.372124 -0.130511
v -1.709586 2.228050 -0.261530
v -1.540155 2.307196 0.055991
vn -0.260525 -0.894991 0.362103
vn 0.260525 0.894991 -0.362103
vn -0.848953 0.390976 0.355550
vn -0.459787 -0.214779 -0.861664
vn 0.848954 -0.390976 -0.355550
vn 0.459787 0.214779 0.861664
usemtl 
s off
f 9//7 10//7 11//7 12//7
f 13//8 16//8 15//8 14//8
f 9//9 13//9 14//9 10//9
f 10//10 14//10 15//10 11//10
f 11//11 15//11 16//11 12//11
f 13//12 9//12 12//12 16//12
o Cube.013_Cube.024
v -2.504843 0.484004 1.522596
v -2.518137 0.237698 1.248830
v -2.156499 0.177256 1.285648
v -2.143204 0.423561 1.559414
v -2.252321 1.455177 0.636575
v -2.265615 1.208871 0.362809
v -1.903976 1.148429 0.399627
v -1.890682 1.394734 0.673393
vn -0.188640 -0.725488 0.661878
vn 0.188640 0.725488 -0.661878
vn -0.981383 0.164023 -0.099914
vn -0.036077 -0.668404 -0.742923
vn 0.981383 -0.164024 0.099914
vn 0.036077 0.668404 0.742923
usemtl 
s off
f 17//13 18//13 19//13 20//13
f 21//14 24//14 23//14 22//14
f 17//15 21//15 22//15 18//15
f 18//16 22//16 23//16 19//16
f 19//17 23//17 24//17 20//17
f 21//18 17//18 20//18 24//18
o Cube.011_Cube.022
v 0.667320 0.187826 -2.155166
v 0.635966 -0.134991 -1.732216
v 0.243194 -0.035353 -1.685283
v 0.274548 0.287464 -2.108234
v 0.764572 0.467316 -1.934636
v 0.733218 0.144499 -1.511685
v 0.340446 0.244138 -1.464753
v 0.371800 0.566954 -1.887704
vn -0.263512 -0.757300 -0.597543
vn 0.263512 0.757300 0.597543
vn 0.962861 -0.244258 -0.115052
vn -0.058826 -0.605668 0.793540
vn -0.962861 0.244258 0.115052
vn 0.058826 0.605668 -0.793540
usemtl 
s off
f 25//19 26//19 27//19 28//19
f 29//20 32//20 31//20 30//20
f 25//21 29//21 30//21 26//21
f 26//22 30//22 31//22 27//22
f 27//23 31//23 32//23 28//23
f 29//24 25//24 28//24 32//24
o Cube.010_Cube.021
v 0.698367 0.485595 -1.765566
v 0.713754 0.308345 -1.442864
v 0.352535 0.238583 -1.463959
v 0.337148 0.415833 -1.786661
v 0.439577 1.631522 -1.123805
v 0.454964 1.454272 -0.801103
v 0.093745 1.384510 -0.822198
v 0.078358 1.561760 -1.144900
vn 0.193322 -0.856033 -0.479410
vn -0.193322 0.856033 0.479410
vn 0.980246 0.189314 0.057245
vn 0.041755 -0.481007 0.875722
vn -0.980246 -0.189314 -0.057246
vn -0.041755 0.481007 -0.875722
usemtl 
s off
f 33//25 34//25 35//25 36//25
f 37//26 40//26 39//26 38//26
f 33//27 37//27 38//27 34//27
f 34//28 38//28 39//28 35//28
f 35//29 39//29 40//29 36//29
f 37//30 33//30 36//30 40//30
o Cube.009_Cube.020
v 0.424602 1.629650 -1.121733
v 0.461230 1.359738 -0.873545
v 0.133288 1.224050 -0.972713
v 0.096661 1.493961 -1.220901
v -0.171250 2.396208 -0.200144
v -0.134622 2.126296 0.048044
v -0.462564 1.990608 -0.051123
v -0.499191 2.260520 -0.299311
vn 0.445115 -0.572636 -0.688448
vn -0.445115 0.572636 0.688448
vn 0.889940 0.368219 0.269112
vn 0.099396 -0.732463 0.673511
vn -0.889940 -0.368219 -0.269112
vn -0.099396 0.732463 -0.673512
usemtl 
s off
f 41//31 42//31 43//31 44//31
f 45//32 48//32 47//32 46//32
f 41//33 45//33 46//33 42//33
f 42//34 46//34 47//34 43//34
f 43//35 47//35 48//35 44//35
f 45//36 41//36 44//36 48//36
o Cube.008_Cube.019
v -1.146648 -1.504883 -2.003774
v -1.146648 -1.630261 -2.427205
v -1.588252 -1.630261 -2.427205
v -1.588252 -1.504883 -2.003774
v -1.146648 -3.043087 -1.548311
v -1.146648 -3.168466 -1.971743
v -1.588252 -3.168466 -1.971742
v -1.588252 -3.043087 -1.548311
vn 0.000000 0.958849 -0.283916
vn 0.000000 -0.958849 0.283916
vn 1.000000 -0.000000 -0.000000
vn -0.000000 -0.283916 -0.958849
vn -1.000000 0.000000 0.000000
vn 0.000000 0.283916 0.958849
usemtl 
s off
f 49//37 50//37 51//37 52//37
f 53//38 56//38 55//38 54//38
f 49//39 53//39 54//39 50//39
f 50//40 54//40 55//40 51//40
f 51//41 55//41 56//41 52//41
f 53//42 49//42 52//42 56//42
o Cube.007_Cube.018
v -1.146648 -1.655687 -2.144704
v -1.146648 -2.047876 -1.941720
v -1.588252 -2.047876 -1.941720
v -1.588252 -1.655687 -2.144704
v -1.146648 -0.918307 -0.719997
v -1.146648 -1.310496 -0.517013
v -1.588252 -1.310496 -0.517013
v -1.588252 -0.918307 -0.719997
vn -0.000000 -0.459650 -0.888100
vn 0.000000 0.459650 0.888100
vn -0.000001 -0.888100 0.459651
vn 0.000000 0.888100 -0.459651
usemtl 
s off
f 57//43 58//43 59//43 60//43
f 61//44 64//44 63//44 62//44
f 57//39 61//39 62//39 58//39
f 58//45 62//45 63//45 59//45
f 59//41 63//41 64//41 60//41
f 61//46 57//46 60//46 64//46
o Cube.006_Cube.017
v -1.146648 -1.222367 -0.847476
v -1.146648 -1.333368 -0.420050
v -1.588252 -1.333368 -0.420050
v -1.588252 -1.222367 -0.847476
v -1.146648 0.330348 -0.444241
v -1.146648 0.219347 -0.016815
v -1.588252 0.219347 -0.016816
v -1.588252 0.330348 -0.444241
vn 0.000000 -0.967894 -0.251359
vn 0.000000 0.967894 0.251359
vn -0.000000 -0.251359 0.967894
vn 0.000000 0.251359 -0.967894
usemtl 
s off
f 65//47 66//47 67//47 68//47
f 69//48 72//48 71//48 70//48
f 65//39 69//39 70//39 66//39
f 66//49 70//49 71//49 67//49
f 67//41 71//41 72//41 68//41
f 69//50 65//50 68//50 72//50
o Cube.005_Cube.016
v -0.427949 -2.974648 1.845484
v -0.427949 -2.598069 1.641010
v -0.990725 -2.598069 1.641010
v -0.990725 -2.974648 1.845484
v -0.427949 -3.573853 0.741933
v -0.427950 -3.197273 0.537459
v -0.990725 -3.197273 0.537459
v -0.990725 -3.573853 0.741933
vn -0.000000 0.477174 0.878809
vn 0.000000 -0.477174 -0.878809
vn -0.000000 0.878809 -0.477174
vn 0.000000 -0.878809 0.477174
usemtl 
s off
f 73//51 74//51 75//51 76//51
f 77//52 80//52 79//52 78//52
f 73//39 77//39 78//39 74//39
f 74//53 78//53 79//53 75//53
f 75//41 79//41 80//41 76//41
f 77//54 73//54 76//54 80//54
o Cube.004_Cube.015
v -0.448197 -3.025562 0.844242
v -0.448197 -2.858938 1.290508
v -0.970478 -2.858938 1.290508
v -0.970478 -3.025562 0.844242
v -0.448197 -0.863536 0.036994
v -0.448197 -0.696911 0.483260
v -0.970478 -0.696911 0.483260
v -0.970478 -0.863536 0.036994
vn -0.000000 -0.936829 0.349789
vn 0.000000 0.936828 -0.349789
vn -0.000000 0.349789 0.936828
vn 0.000000 -0.349789 -0.936828
usemtl 
s off
f 81//55 82//55 83//55 84//55
f 85//56 88//56 87//56 86//56
f 81//39 85//39 86//39 82//39
f 82//57 86//57 87//57 83//57
f 83//41 87//41 88//41 84//41
f 85//58 81//58 84//58 88//58
o Cube.003_Cube.014
v -0.427949 -1.030919 0.191494
v -0.427949 -0.855441 0.582428
v -0.990725 -0.855441 0.582428
v -0.990725 -1.030919 0.191494
v -0.427949 0.114699 -0.322736
v -0.427950 0.290176 0.068198
v -0.990725 0.290176 0.068198
v -0.990725 0.114699 -0.322736
vn -0.000000 -0.912308 0.409505
vn -0.000000 0.912308 -0.409505
vn -0.000000 0.409505 0.912308
vn 0.000000 -0.409505 -0.912308
usemtl 
s off
f 89//59 90//59 91//59 92//59
f 93//60 96//60 95//60 94//60
f 89//39 93//39 94//39 90//39
f 90//61 94//61 95//61 91//61
f 91//41 95//41 96//41 92//41
f 93//62 89//62 92//62 96//62
o Cube.002_Cube.013
v -0.269446 2.980060 -0.735888
v -0.269446 2.980060 0.702803
v -1.708137 2.980060 0.702802
v -1.708137 2.980060 -0.735889
v -0.269445 4.418751 -0.735888
v -0.269446 4.418751 0.702803
v -1.708137 4.418751 0.702802
v -1.708136 4.418751 -0.735889
vn 0.000000 -1.000000 0.000000
vn 0.000000 1.000000 0.000000
vn -0.000000 0.000000 1.000000
vn 0.000000 0.000000 -1.000000
usemtl 
s off
f 97//63 98//63 99//63 100//63
f 101//64 104//64 103//64 102//64
f 97//39 101//39 102//39 98//39
f 98//65 102//65 103//65 99//65
f 99//41 103//41 104//41 100//41
f 101//66 97//66 100//66 104//66
o Cube.001_Cube.012
v -0.763576 2.566314 -0.447929
v -0.763576 2.566314 0.002502
v -1.214007 2.566314 0.002502
v -1.214006 2.566314 -0.447929
v -0.763576 3.045687 -0.447929
v -0.763576 3.045687 0.002502
v -1.214007 3.045687 0.002502
v -1.214006 3.045687 -0.447929
usemtl 
s off
f 105//63 106//63 107//63 108//63
f 109//64 112//64 111//64 110//64
f 105//39 109//39 110//39 106//39
f 106//65 110//65 111//65 107//65
f 107//41 111//41 112//41 108//41
f 109//66 105//66 108//66 112//66
o Cube_Cube.011
v -0.333995 0.002639 -0.946233
v -0.333995 0.002639 0.363359
v -1.643587 0.002639 0.363359
v -1.643587 0.002639 -0.946233
v -0.333995 2.585528 -0.946233
v -0.333995 2.585528 0.363360
v -1.643588 2.585528 0.363359
v -1.643587 2.585528 -0.946233
usemtl 
s off
f 113//63 114//63 115//63 116//63
f 117//64 120//64 119//64 118//64
f 113//39 117//39 118//39 114//39
f 114//65 118//65 119//65 115//65
f 115//41 119//41 120//41 116//41
f 117//66 113//66 116//66 120//66
