# Blender v2.59 (sub 0) OBJ File: 'zombie.blend'
# www.blender.org
mtllib zombie_000002.mtl
o Cube.015_Cube.026
v -2.501529 -0.022315 0.374463
v -2.527536 0.136344 0.882628
v -2.923098 0.223906 0.835045
v -2.897091 0.065247 0.326880
v -2.413184 0.320994 0.271796
v -2.439191 0.479653 0.779961
v -2.834753 0.567215 0.732378
v -2.808746 0.408556 0.224214
vn -0.239378 -0.930222 0.278183
vn 0.239378 0.930222 -0.278183
vn 0.969700 -0.214654 0.116646
vn -0.048794 0.297677 0.953419
vn -0.969700 0.214653 -0.116646
vn 0.048794 -0.297677 -0.953419
usemtl 
s off
f 1//1 2//1 3//1 4//1
f 5//2 8//2 7//2 6//2
f 1//3 5//3 6//3 2//3
f 2//4 6//4 7//4 3//4
f 3//5 7//5 8//5 4//5
f 5//6 1//6 4//6 8//6
o Cube.014_Cube.025
v -2.470808 1.441994 0.208725
v -2.501591 1.336852 -0.143111
v -2.173051 1.171257 -0.122371
v -2.142267 1.276398 0.229466
v -1.874951 2.575227 -0.182061
v -1.905734 2.470086 -0.533897
v -1.577193 2.304490 -0.513156
v -1.546410 2.409632 -0.161320
vn -0.445119 -0.846551 0.291926
vn 0.445119 0.846551 -0.291925
vn -0.891566 0.449379 -0.056285
vn -0.083537 -0.285324 -0.954783
vn 0.891566 -0.449379 0.056285
vn 0.083537 0.285324 0.954783
usemtl 
s off
f 9//7 10//7 11//7 12//7
f 13//8 16//8 15//8 14//8
f 9//9 13//9 14//9 10//9
f 10//10 14//10 15//10 11//10
f 11//11 15//11 16//11 12//11
f 13//12 9//12 12//12 16//12
o Cube.013_Cube.024
v -2.763082 0.454518 0.649703
v -2.780816 0.261998 0.335995
v -2.418934 0.195522 0.356334
v -2.401200 0.388043 0.670041
v -2.518900 1.570109 -0.048732
v -2.536634 1.377589 -0.362440
v -2.174752 1.311113 -0.342101
v -2.157018 1.503633 -0.028393
vn -0.182409 -0.833371 0.521746
vn 0.182409 0.833371 -0.521746
vn -0.982044 0.180397 -0.055193
vn -0.048125 -0.522446 -0.851313
vn 0.982044 -0.180397 0.055193
vn 0.048125 0.522446 0.851313
usemtl 
s off
f 17//13 18//13 19//13 20//13
f 21//14 24//14 23//14 22//14
f 17//15 21//15 22//15 18//15
f 18//16 22//16 23//16 19//16
f 19//17 23//17 24//17 20//17
f 21//18 17//18 20//18 24//18
o Cube.011_Cube.022
v 0.668014 0.004526 -1.403985
v 0.635337 -0.186117 -0.907328
v 0.242598 -0.077032 -0.891295
v 0.275275 0.113611 -1.387952
v 0.765167 0.334738 -1.270840
v 0.732491 0.144095 -0.774183
v 0.339752 0.253180 -0.758150
v 0.372429 0.443823 -1.254807
vn -0.263246 -0.894734 -0.360766
vn 0.263246 0.894734 0.360766
vn 0.962779 -0.267417 -0.039305
vn -0.061308 -0.357684 0.931828
vn -0.962779 0.267417 0.039305
vn 0.061307 0.357685 -0.931828
usemtl 
s off
f 25//19 26//19 27//19 28//19
f 29//20 32//20 31//20 30//20
f 25//21 29//21 30//21 26//21
f 26//22 30//22 31//22 27//22
f 27//23 31//23 32//23 28//23
f 29//24 25//24 28//24 32//24
o Cube.010_Cube.021
v 0.712351 0.356178 -1.250431
v 0.728611 0.242373 -0.900323
v 0.367372 0.169902 -0.907104
v 0.351112 0.283708 -1.257211
v 0.454618 1.601872 -0.833538
v 0.470878 1.488067 -0.483431
v 0.109639 1.415596 -0.490211
v 0.093380 1.529401 -0.840318
vn 0.192532 -0.930561 -0.311428
vn -0.192532 0.930561 0.311428
vn 0.980298 0.196665 0.018400
vn 0.044125 -0.308835 0.950092
vn -0.980298 -0.196665 -0.018400
vn -0.044125 0.308835 -0.950092
usemtl 
s off
f 33//25 34//25 35//25 36//25
f 37//26 40//26 39//26 38//26
f 33//27 37//27 38//27 34//27
f 34//28 38//28 39//28 35//28
f 35//29 39//29 40//29 36//29
f 37//30 33//30 36//30 40//30
o Cube.009_Cube.020
v 0.417471 1.525129 -0.861241
v 0.455125 1.374125 -0.527219
v 0.125243 1.213745 -0.562535
v 0.087589 1.364750 -0.896558
v -0.163204 2.598269 -0.310638
v -0.125550 2.447265 0.023384
v -0.455433 2.286886 -0.011932
v -0.493087 2.437890 -0.345955
vn 0.433778 -0.801660 -0.411313
vn -0.433778 0.801660 0.411313
vn 0.895207 0.435223 0.095839
vn 0.102182 -0.409783 0.906442
vn -0.895207 -0.435223 -0.095839
vn -0.102182 0.409783 -0.906442
usemtl 
s off
f 41//31 42//31 43//31 44//31
f 45//32 48//32 47//32 46//32
f 41//33 45//33 46//33 42//33
f 42//34 46//34 47//34 43//34
f 43//35 47//35 48//35 44//35
f 45//36 41//36 44//36 48//36
o Cube.008_Cube.019
v -1.146648 -2.281729 -1.970931
v -1.146648 -2.640680 -2.228163
v -1.588252 -2.640680 -2.228163
v -1.588252 -2.281729 -1.970931
v -1.146648 -3.216178 -0.666966
v -1.146648 -3.575129 -0.924198
v -1.588252 -3.575129 -0.924198
v -1.588252 -3.216177 -0.666966
vn -0.000000 0.582494 -0.812835
vn -0.000000 -0.582494 0.812835
vn 1.000000 -0.000000 -0.000000
vn -0.000000 -0.812835 -0.582494
vn -1.000000 0.000000 0.000000
vn 0.000000 0.812835 0.582494
usemtl 
s off
f 49//37 50//37 51//37 52//37
f 53//38 56//38 55//38 54//38
f 49//39 53//39 54//39 50//39
f 50//40 54//40 55//40 51//40
f 51//41 55//41 56//41 52//41
f 53//42 49//42 52//42 56//42
o Cube.007_Cube.018
v -1.146648 -2.524533 -2.036135
v -1.146648 -2.759072 -1.661962
v -1.588252 -2.759072 -1.661962
v -1.588252 -2.524533 -2.036135
v -1.146648 -1.165271 -1.184122
v -1.146648 -1.399810 -0.809949
v -1.588252 -1.399810 -0.809949
v -1.588252 -1.165271 -1.184122
vn 0.000000 -0.847304 -0.531108
vn 0.000000 0.847304 0.531108
vn -0.000000 -0.531108 0.847304
vn 0.000000 0.531108 -0.847304
usemtl 
s off
f 57//43 58//43 59//43 60//43
f 61//44 64//44 63//44 62//44
f 57//39 61//39 62//39 58//39
f 58//45 62//45 63//45 59//45
f 59//41 63//41 64//41 60//41
f 61//46 57//46 60//46 64//46
o Cube.006_Cube.017
v -1.146648 -1.204899 -1.179167
v -1.146648 -1.387581 -0.777121
v -1.588252 -1.387581 -0.777121
v -1.588252 -1.204899 -1.179167
v -1.146648 0.255619 -0.515536
v -1.146648 0.072937 -0.113490
v -1.588252 0.072937 -0.113490
v -1.588252 0.255619 -0.515536
vn 0.000000 -0.910423 -0.413679
vn -0.000000 0.910423 0.413678
vn -0.000000 -0.413678 0.910423
vn 0.000000 0.413679 -0.910423
usemtl 
s off
f 65//47 66//47 67//47 68//47
f 69//48 72//48 71//48 70//48
f 65//39 69//39 70//39 66//39
f 66//49 70//49 71//49 67//49
f 67//41 71//41 72//41 68//41
f 69//50 65//50 68//50 72//50
o Cube.005_Cube.016
v -0.427949 -2.733770 1.957079
v -0.427949 -2.314404 1.869026
v -0.990725 -2.314404 1.869026
v -0.990725 -2.733770 1.957079
v -0.427949 -2.991809 0.728142
v -0.427950 -2.572442 0.640088
v -0.990725 -2.572442 0.640088
v -0.990725 -2.991809 0.728142
vn 0.000000 0.205488 0.978660
vn -0.000000 -0.205488 -0.978660
vn -0.000000 0.978660 -0.205488
vn 0.000000 -0.978660 0.205488
usemtl 
s off
f 73//51 74//51 75//51 76//51
f 77//52 80//52 79//52 78//52
f 73//39 77//39 78//39 74//39
f 74//53 78//53 79//53 75//53
f 75//41 79//41 80//41 76//41
f 77//54 73//54 76//54 80//54
o Cube.004_Cube.015
v -0.448197 -2.800489 0.603162
v -0.448197 -2.724914 1.073486
v -0.970478 -2.724914 1.073486
v -0.970478 -2.800489 0.603161
v -0.448197 -0.521905 0.237021
v -0.448197 -0.446329 0.707346
v -0.970478 -0.446329 0.707346
v -0.970478 -0.521905 0.237021
vn -0.000000 -0.987334 0.158653
vn -0.000000 0.987334 -0.158652
vn -0.000000 0.158653 0.987334
vn 0.000000 -0.158652 -0.987334
usemtl 
s off
f 81//55 82//55 83//55 84//55
f 85//56 88//56 87//56 86//56
f 81//39 85//39 86//39 82//39
f 82//57 86//57 87//57 83//57
f 83//41 87//41 88//41 84//41
f 85//58 81//58 84//58 88//58
o Cube.003_Cube.014
v -0.427949 -0.989743 0.429100
v -0.427949 -0.770934 0.797535
v -0.990725 -0.770935 0.797535
v -0.990725 -0.989743 0.429100
v -0.427949 0.089942 -0.212110
v -0.427950 0.308751 0.156325
v -0.990725 0.308751 0.156325
v -0.990725 0.089942 -0.212110
vn 0.000000 -0.859803 0.510626
vn -0.000000 0.859803 -0.510626
vn -0.000000 0.510626 0.859803
vn 0.000000 -0.510626 -0.859803
usemtl 
s off
f 89//59 90//59 91//59 92//59
f 93//60 96//60 95//60 94//60
f 89//39 93//39 94//39 90//39
f 90//61 94//61 95//61 91//61
f 91//41 95//41 96//41 92//41
f 93//62 89//62 92//62 96//62
o Cube.002_Cube.013
v -0.269446 3.038044 -0.735888
v -0.269446 3.038044 0.702803
v -1.708137 3.038044 0.702802
v -1.708137 3.038044 -0.735889
v -0.269445 4.476735 -0.735888
v -0.269446 4.476735 0.702803
v -1.708137 4.476735 0.702802
v -1.708136 4.476735 -0.735889
vn 0.000000 -1.000000 0.000000
vn 0.000000 1.000000 0.000000
vn -0.000000 0.000000 1.000000
vn 0.000000 0.000000 -1.000000
usemtl 
s off
f 97//63 98//63 99//63 100//63
f 101//64 104//64 103//64 102//64
f 97//39 101//39 102//39 98//39
f 98//65 102//65 103//65 99//65
f 99//41 103//41 104//41 100//41
f 101//66 97//66 100//66 104//66
o Cube.001_Cube.012
v -0.763576 2.624298 -0.447929
v -0.763576 2.624298 0.002502
v -1.214007 2.624298 0.002502
v -1.214006 2.624298 -0.447929
v -0.763576 3.103672 -0.447929
v -0.763576 3.103672 0.002502
v -1.214007 3.103672 0.002502
v -1.214006 3.103672 -0.447929
usemtl 
s off
f 105//63 106//63 107//63 108//63
f 109//64 112//64 111//64 110//64
f 105//39 109//39 110//39 106//39
f 106//65 110//65 111//65 107//65
f 107//41 111//41 112//41 108//41
f 109//66 105//66 108//66 112//66
o Cube_Cube.011
v -0.333995 0.060624 -0.946233
v -0.333995 0.060624 0.363359
v -1.643587 0.060624 0.363359
v -1.643587 0.060624 -0.946233
v -0.333995 2.643513 -0.946233
v -0.333995 2.643513 0.363360
v -1.643588 2.643513 0.363359
v -1.643587 2.643513 -0.946233
usemtl 
s off
f 113//63 114//63 115//63 116//63
f 117//64 120//64 119//64 118//64
f 113//39 117//39 118//39 114//39
f 114//65 118//65 119//65 115//65
f 115//41 119//41 120//41 116//41
f 117//66 113//66 116//66 120//66
