# Blender v2.59 (sub 0) OBJ File: 'zombie.blend'
# www.blender.org
mtllib zombie_000018.mtl
o Cube.015_Cube.026
v -2.299963 0.360376 1.873283
v -2.331686 0.786222 2.192235
v -2.724102 0.832788 2.091032
v -2.692379 0.406943 1.772081
v -2.201597 0.578283 1.592131
v -2.233320 1.004128 1.911082
v -2.625735 1.050695 1.809879
v -2.594012 0.624849 1.490928
vn -0.266532 -0.590435 0.761806
vn 0.266532 0.590435 -0.761805
vn 0.961987 -0.114156 0.248092
vn -0.059518 0.798971 0.598416
vn -0.961987 0.114156 -0.248093
vn 0.059518 -0.798971 -0.598416
usemtl 
s off
f 1//1 2//1 3//1 4//1
f 5//2 8//2 7//2 6//2
f 1//3 5//3 6//3 2//3
f 2//4 6//4 7//4 3//4
f 3//5 7//5 8//5 4//5
f 5//6 1//6 4//6 8//6
o Cube.014_Cube.025
v -2.202895 1.541189 0.894875
v -2.371856 1.360956 0.621454
v -2.058910 1.181452 0.546392
v -1.889949 1.361685 0.819814
v -1.852420 2.509738 0.039856
v -2.021382 2.329505 -0.233566
v -1.708436 2.150002 -0.308627
v -1.539474 2.330234 -0.035205
vn -0.261812 -0.723528 0.638719
vn 0.261812 0.723528 -0.638719
vn -0.849247 0.487123 0.203695
vn -0.458513 -0.489100 -0.741989
vn 0.849247 -0.487123 -0.203695
vn 0.458513 0.489100 0.741988
usemtl 
s off
f 9//7 10//7 11//7 12//7
f 13//8 16//8 15//8 14//8
f 9//9 13//9 14//9 10//9
f 10//10 14//10 15//10 11//10
f 11//11 15//11 16//11 12//11
f 13//12 9//12 12//12 16//12
o Cube.013_Cube.024
v -2.506490 0.922723 1.807964
v -2.521785 0.617018 1.602776
v -2.160530 0.564913 1.653479
v -2.145235 0.870617 1.858668
v -2.248290 1.645815 0.711403
v -2.263584 1.340111 0.506215
v -1.902329 1.288006 0.556918
v -1.887035 1.593710 0.762106
vn -0.192882 -0.540167 0.819156
vn 0.192882 0.540167 -0.819156
vn -0.980344 0.141399 -0.137595
vn -0.041504 -0.829594 -0.556822
vn 0.980344 -0.141399 0.137595
vn 0.041504 0.829594 0.556822
usemtl 
s off
f 17//13 18//13 19//13 20//13
f 21//14 24//14 23//14 22//14
f 17//15 21//15 22//15 18//15
f 18//16 22//16 23//16 19//16
f 19//17 23//17 24//17 20//17
f 21//18 17//18 20//18 24//18
o Cube.011_Cube.022
v 0.666769 0.111986 -2.358750
v 0.635046 -0.143609 -1.892118
v 0.242630 -0.036843 -1.860314
v 0.274353 0.218752 -2.326946
v 0.765135 0.421102 -2.182746
v 0.733413 0.165507 -1.716114
v 0.340997 0.272273 -1.684311
v 0.372720 0.527868 -2.150943
vn -0.266532 -0.837575 -0.476896
vn 0.266532 0.837575 0.476896
vn 0.961987 -0.261731 -0.077964
vn -0.059518 -0.479547 0.875495
vn -0.961987 0.261731 0.077964
vn 0.059518 0.479547 -0.875495
usemtl 
s off
f 25//19 26//19 27//19 28//19
f 29//20 32//20 31//20 30//20
f 25//21 29//21 30//21 26//21
f 26//22 30//22 31//22 27//22
f 27//23 31//23 32//23 28//23
f 29//24 25//24 28//24 32//24
o Cube.010_Cube.021
v 0.699069 0.404444 -2.148691
v 0.715454 0.216293 -1.832271
v 0.354419 0.146176 -1.855269
v 0.338035 0.334327 -2.171690
v 0.437692 1.526910 -1.467712
v 0.454077 1.338759 -1.151292
v 0.093042 1.268642 -1.174291
v 0.076658 1.456793 -1.490711
vn 0.195254 -0.838507 -0.508706
vn -0.195255 0.838507 0.508706
vn 0.979744 0.190278 0.062413
vn 0.044462 -0.510588 0.858675
vn -0.979744 -0.190278 -0.062413
vn -0.044462 0.510588 -0.858675
usemtl 
s off
f 33//25 34//25 35//25 36//25
f 37//26 40//26 39//26 38//26
f 33//27 37//27 38//27 34//27
f 34//28 38//28 39//28 35//28
f 35//29 39//29 40//29 36//29
f 37//30 33//30 36//30 40//30
o Cube.009_Cube.020
v 0.424859 1.610563 -1.308446
v 0.460976 1.329083 -1.073380
v 0.132969 1.198653 -1.179167
v 0.096852 1.480133 -1.414232
v -0.170931 2.332991 -0.351832
v -0.134814 2.051512 -0.116767
v -0.462821 1.921082 -0.222553
v -0.498938 2.202561 -0.457619
vn 0.445068 -0.539670 -0.714612
vn -0.445068 0.539670 0.714612
vn 0.890117 0.353950 0.287074
vn 0.098011 -0.763856 0.637901
vn -0.890117 -0.353950 -0.287075
vn -0.098011 0.763856 -0.637901
usemtl 
s off
f 41//31 42//31 43//31 44//31
f 45//32 48//32 47//32 46//32
f 41//33 45//33 46//33 42//33
f 42//34 46//34 47//34 43//34
f 43//35 47//35 48//35 44//35
f 45//36 41//36 44//36 48//36
o Cube.008_Cube.019
v -1.146648 -3.020171 0.392618
v -1.146648 -3.439073 0.532388
v -1.588252 -3.439073 0.532388
v -1.588252 -3.020171 0.392618
v -1.146648 -2.512430 1.914367
v -1.146648 -2.931332 2.054137
v -1.588252 -2.931332 2.054137
v -1.588252 -2.512430 1.914367
vn 0.000000 -0.316503 -0.948591
vn -0.000000 0.316503 0.948591
vn 1.000000 -0.000000 0.000000
vn -0.000000 -0.948591 0.316503
vn -1.000000 0.000000 -0.000000
vn 0.000000 0.948591 -0.316503
usemtl 
s off
f 49//37 50//37 51//37 52//37
f 53//38 56//38 55//38 54//38
f 49//39 53//39 54//39 50//39
f 50//40 54//40 55//40 51//40
f 51//41 55//41 56//41 52//41
f 53//42 49//42 52//42 56//42
o Cube.007_Cube.018
v -1.146648 -3.004905 0.600028
v -1.146648 -2.881168 1.023942
v -1.588252 -2.881168 1.023942
v -1.588252 -3.004905 0.600028
v -1.146648 -1.464948 0.150527
v -1.146648 -1.341210 0.574441
v -1.588252 -1.341211 0.574440
v -1.588252 -1.464948 0.150526
vn -0.000000 -0.959942 0.280200
vn -0.000000 0.959942 -0.280200
vn -0.000000 0.280200 0.959942
vn 0.000000 -0.280200 -0.959942
usemtl 
s off
f 57//43 58//43 59//43 60//43
f 61//44 64//44 63//44 62//44
f 57//39 61//39 62//39 58//39
f 58//45 62//45 63//45 59//45
f 59//41 63//41 64//41 60//41
f 61//46 57//46 60//46 64//46
o Cube.006_Cube.017
v -1.146648 -1.394188 0.208600
v -1.146648 -1.201262 0.605833
v -1.588252 -1.201262 0.605833
v -1.588252 -1.394188 0.208600
v -1.146648 0.048844 -0.492242
v -1.146648 0.241769 -0.095009
v -1.588252 0.241769 -0.095009
v -1.588252 0.048844 -0.492242
vn -0.000000 -0.899522 0.436874
vn -0.000000 0.899523 -0.436874
vn -0.000000 0.436874 0.899523
vn 0.000000 -0.436874 -0.899523
usemtl 
s off
f 65//47 66//47 67//47 68//47
f 69//48 72//48 71//48 70//48
f 65//39 69//39 70//39 66//39
f 66//49 70//49 71//49 67//49
f 67//41 71//41 72//41 68//41
f 69//50 65//50 68//50 72//50
o Cube.005_Cube.016
v -0.427949 -2.714350 -2.697493
v -0.427949 -2.650526 -2.273762
v -0.990725 -2.650526 -2.273762
v -0.990725 -2.714350 -2.697493
v -0.427949 -1.472622 -2.884529
v -0.427950 -1.408797 -2.460797
v -0.990725 -1.408797 -2.460798
v -0.990725 -1.472622 -2.884529
vn 0.000000 -0.988845 0.148945
vn -0.000000 0.988845 -0.148945
vn -0.000000 0.148945 0.988846
vn 0.000000 -0.148945 -0.988846
usemtl 
s off
f 73//51 74//51 75//51 76//51
f 77//52 80//52 79//52 78//52
f 73//39 77//39 78//39 74//39
f 74//53 78//53 79//53 75//53
f 75//41 79//41 80//41 76//41
f 77//54 73//54 76//54 80//54
o Cube.004_Cube.015
v -0.448197 -1.506246 -2.690286
v -0.448197 -1.963948 -2.558279
v -0.970478 -1.963948 -2.558279
v -0.970478 -1.506246 -2.690286
v -0.448197 -0.866709 -0.472855
v -0.448197 -1.324411 -0.340848
v -0.970478 -1.324411 -0.340848
v -0.970478 -0.866709 -0.472855
vn -0.000000 -0.277118 -0.960836
vn -0.000000 0.277118 0.960836
vn -0.000000 -0.960836 0.277118
vn 0.000000 0.960836 -0.277118
usemtl 
s off
f 81//55 82//55 83//55 84//55
f 85//56 88//56 87//56 86//56
f 81//39 85//39 86//39 82//39
f 82//57 86//57 87//57 83//57
f 83//41 87//41 88//41 84//41
f 85//58 81//58 84//58 88//58
o Cube.003_Cube.014
v -0.427949 -0.956222 -0.699082
v -0.427949 -1.024305 -0.276014
v -0.990725 -1.024305 -0.276014
v -0.990725 -0.956222 -0.699082
v -0.427949 0.283562 -0.499567
v -0.427950 0.215479 -0.076499
v -0.990725 0.215479 -0.076500
v -0.990725 0.283562 -0.499567
vn 0.000000 -0.987297 -0.158883
vn -0.000000 0.987297 0.158883
vn -0.000000 -0.158883 0.987297
vn 0.000000 0.158883 -0.987297
usemtl 
s off
f 89//59 90//59 91//59 92//59
f 93//60 96//60 95//60 94//60
f 89//39 93//39 94//39 90//39
f 90//61 94//61 95//61 91//61
f 91//41 95//41 96//41 92//41
f 93//62 89//62 92//62 96//62
o Cube.002_Cube.013
v -0.269446 3.010398 -0.735888
v -0.269446 3.010398 0.702803
v -1.708137 3.010398 0.702802
v -1.708137 3.010398 -0.735889
v -0.269445 4.449089 -0.735888
v -0.269446 4.449089 0.702803
v -1.708137 4.449089 0.702802
v -1.708136 4.449089 -0.735889
vn 0.000000 -1.000000 0.000000
vn 0.000000 1.000000 0.000000
vn -0.000000 0.000000 1.000000
vn 0.000000 0.000000 -1.000000
usemtl 
s off
f 97//63 98//63 99//63 100//63
f 101//64 104//64 103//64 102//64
f 97//39 101//39 102//39 98//39
f 98//65 102//65 103//65 99//65
f 99//41 103//41 104//41 100//41
f 101//66 97//66 100//66 104//66
o Cube.001_Cube.012
v -0.763576 2.596652 -0.447929
v -0.763576 2.596652 0.002502
v -1.214007 2.596652 0.002502
v -1.214006 2.596652 -0.447929
v -0.763576 3.076026 -0.447929
v -0.763576 3.076026 0.002502
v -1.214007 3.076026 0.002502
v -1.214006 3.076026 -0.447929
usemtl 
s off
f 105//63 106//63 107//63 108//63
f 109//64 112//64 111//64 110//64
f 105//39 109//39 110//39 106//39
f 106//65 110//65 111//65 107//65
f 107//41 111//41 112//41 108//41
f 109//66 105//66 108//66 112//66
o Cube_Cube.011
v -0.333995 0.032977 -0.946233
v -0.333995 0.032977 0.363359
v -1.643587 0.032977 0.363359
v -1.643587 0.032977 -0.946233
v -0.333995 2.615867 -0.946233
v -0.333995 2.615867 0.363360
v -1.643588 2.615867 0.363359
v -1.643587 2.615867 -0.946233
usemtl 
s off
f 113//63 114//63 115//63 116//63
f 117//64 120//64 119//64 118//64
f 113//39 117//39 118//39 114//39
f 114//65 118//65 119//65 115//65
f 115//41 119//41 120//41 116//41
f 117//66 113//66 116//66 120//66
