# Blender v2.59 (sub 0) OBJ File: 'zombie.blend'
# www.blender.org
mtllib zombie_000025.mtl
o Cube.015_Cube.026
v -2.299963 -0.300795 1.546597
v -2.331686 0.125051 1.865548
v -2.724102 0.171618 1.764346
v -2.692379 -0.254228 1.445395
v -2.201597 -0.082888 1.265444
v -2.233320 0.342958 1.584396
v -2.625735 0.389524 1.483193
v -2.594012 -0.036321 1.164242
vn -0.266532 -0.590435 0.761806
vn 0.266532 0.590435 -0.761805
vn 0.961987 -0.114156 0.248092
vn -0.059518 0.798971 0.598416
vn -0.961987 0.114156 -0.248093
vn 0.059518 -0.798971 -0.598417
usemtl 
s off
f 1//1 2//1 3//1 4//1
f 5//2 8//2 7//2 6//2
f 1//3 5//3 6//3 2//3
f 2//4 6//4 7//4 3//4
f 3//5 7//5 8//5 4//5
f 5//6 1//6 4//6 8//6
o Cube.014_Cube.025
v -2.201667 1.229777 0.688200
v -2.371023 1.146736 0.371634
v -2.058119 1.001183 0.242419
v -1.888763 1.084224 0.558985
v -1.853211 2.422001 0.189040
v -2.022567 2.338959 -0.127526
v -1.709663 2.193406 -0.256741
v -1.540308 2.276447 0.059825
vn -0.260304 -0.890617 0.372884
vn 0.260304 0.890618 -0.372884
vn -0.849132 0.394990 0.350654
vn -0.459584 -0.225351 -0.859069
vn 0.849132 -0.394990 -0.350653
vn 0.459584 0.225351 0.859069
usemtl 
s off
f 9//7 10//7 11//7 12//7
f 13//8 16//8 15//8 14//8
f 9//9 13//9 14//9 10//9
f 10//10 14//10 15//10 11//10
f 11//11 15//11 16//11 12//11
f 13//12 9//12 12//12 16//12
o Cube.013_Cube.024
v -2.506711 0.188440 1.454766
v -2.522662 0.004478 1.135870
v -2.161500 -0.065250 1.158030
v -2.145549 0.118712 1.476925
v -2.247320 1.320348 0.788825
v -2.263270 1.136386 0.469929
v -1.902108 1.066658 0.492089
v -1.886158 1.250621 0.810984
vn -0.193771 -0.845561 0.497473
vn 0.193771 0.845561 -0.497473
vn -0.980091 0.189221 -0.060135
vn -0.043284 -0.499221 -0.865393
vn 0.980091 -0.189221 0.060135
vn 0.043285 0.499221 0.865393
usemtl 
s off
f 17//13 18//13 19//13 20//13
f 21//14 24//14 23//14 22//14
f 17//15 21//15 22//15 18//15
f 18//16 22//16 23//16 19//16
f 19//17 23//17 24//17 20//17
f 21//18 17//18 20//18 24//18
o Cube.011_Cube.022
v 0.666769 -0.060689 -2.084107
v 0.635046 -0.316284 -1.617475
v 0.242630 -0.209518 -1.585671
v 0.274353 0.046077 -2.052304
v 0.765135 0.248427 -1.908103
v 0.733413 -0.007168 -1.441471
v 0.340997 0.099598 -1.409668
v 0.372720 0.355193 -1.876300
vn -0.266532 -0.837575 -0.476896
vn 0.266532 0.837575 0.476896
vn 0.961987 -0.261731 -0.077964
vn -0.059518 -0.479547 0.875495
vn -0.961987 0.261731 0.077964
vn 0.059518 0.479547 -0.875495
usemtl 
s off
f 25//19 26//19 27//19 28//19
f 29//20 32//20 31//20 30//20
f 25//21 29//21 30//21 26//21
f 26//22 30//22 31//22 27//22
f 27//23 31//23 32//23 28//23
f 29//24 25//24 28//24 32//24
o Cube.010_Cube.021
v 0.698096 0.257366 -1.742323
v 0.714018 0.099145 -1.409902
v 0.352823 0.028042 -1.426445
v 0.336901 0.186264 -1.758865
v 0.439288 1.438425 -1.167783
v 0.455210 1.280203 -0.835362
v 0.094015 1.209101 -0.851904
v 0.078093 1.367322 -1.184325
vn 0.193336 -0.882277 -0.429195
vn -0.193335 0.882277 0.429195
vn 0.980181 0.192952 0.044891
vn 0.043208 -0.429367 0.902096
vn -0.980181 -0.192952 -0.044891
vn -0.043208 0.429367 -0.902096
usemtl 
s off
f 33//25 34//25 35//25 36//25
f 37//26 40//26 39//26 38//26
f 33//27 37//27 38//27 34//27
f 34//28 38//28 39//28 35//28
f 35//29 39//29 40//29 36//29
f 37//30 33//30 36//30 40//30
o Cube.009_Cube.020
v 0.424602 1.600640 -1.121740
v 0.461230 1.330719 -0.873562
v 0.133288 1.195034 -0.972735
v 0.096661 1.464955 -1.220913
v -0.171250 2.367163 -0.200122
v -0.134622 2.097242 0.048056
v -0.462564 1.961558 -0.051116
v -0.499191 2.231479 -0.299294
vn 0.445115 -0.572610 -0.688470
vn -0.445115 0.572610 0.688470
vn 0.889940 0.368209 0.269126
vn 0.099396 -0.732489 0.673484
vn -0.889940 -0.368209 -0.269126
vn -0.099396 0.732489 -0.673484
usemtl 
s off
f 41//31 42//31 43//31 44//31
f 45//32 48//32 47//32 46//32
f 41//33 45//33 46//33 42//33
f 42//34 46//34 47//34 43//34
f 43//35 47//35 48//35 44//35
f 45//36 41//36 44//36 48//36
o Cube.008_Cube.019
v -1.146648 -2.202347 -2.362056
v -1.146648 -2.533660 -2.654025
v -1.588252 -2.533660 -2.654025
v -1.588252 -2.202347 -2.362056
v -1.146648 -3.262984 -1.158491
v -1.146648 -3.594297 -1.450459
v -1.588252 -3.594297 -1.450459
v -1.588252 -3.262984 -1.158491
vn 0.000000 0.661154 -0.750250
vn 0.000000 -0.661154 0.750250
vn 1.000000 -0.000000 -0.000000
vn -0.000000 -0.750250 -0.661154
vn -1.000000 0.000000 0.000000
vn 0.000000 0.750250 0.661154
usemtl 
s off
f 49//37 50//37 51//37 52//37
f 53//38 56//38 55//38 54//38
f 49//39 53//39 54//39 50//39
f 50//40 54//40 55//40 51//40
f 51//41 55//41 56//41 52//41
f 53//42 49//42 52//42 56//42
o Cube.007_Cube.018
v -1.146648 -2.423795 -2.212057
v -1.146648 -2.697658 -1.865627
v -1.588252 -2.697658 -1.865627
v -1.588252 -2.423795 -2.212057
v -1.146648 -1.165317 -1.217194
v -1.146648 -1.439180 -0.870764
v -1.588252 -1.439180 -0.870764
v -1.588252 -1.165317 -1.217194
vn -0.000000 -0.784480 -0.620154
vn -0.000000 0.784480 0.620154
vn -0.000000 -0.620154 0.784480
vn 0.000000 0.620154 -0.784480
usemtl 
s off
f 57//43 58//43 59//43 60//43
f 61//44 64//44 63//44 62//44
f 57//39 61//39 62//39 58//39
f 58//45 62//45 63//45 59//45
f 59//41 63//41 64//41 60//41
f 61//46 57//46 60//46 64//46
o Cube.006_Cube.017
v -1.146648 -1.226585 -1.140240
v -1.146648 -1.400464 -0.734309
v -1.588252 -1.400464 -0.734309
v -1.588252 -1.226585 -1.140240
v -1.146648 0.248045 -0.508586
v -1.146648 0.074166 -0.102655
v -1.588252 0.074166 -0.102655
v -1.588252 0.248045 -0.508586
vn 0.000000 -0.919220 -0.393745
vn 0.000000 0.919220 0.393745
vn -0.000000 -0.393745 0.919220
vn 0.000000 0.393745 -0.919220
usemtl 
s off
f 65//47 66//47 67//47 68//47
f 69//48 72//48 71//48 70//48
f 65//39 69//39 70//39 66//39
f 66//49 70//49 71//49 67//49
f 67//41 71//41 72//41 68//41
f 69//50 65//50 68//50 72//50
o Cube.005_Cube.016
v -0.427949 -2.333023 2.115404
v -0.427949 -1.966387 1.893594
v -0.990725 -1.966387 1.893594
v -0.990725 -2.333023 2.115404
v -0.427949 -2.983030 1.040991
v -0.427950 -2.616394 0.819181
v -0.990725 -2.616394 0.819181
v -0.990725 -2.983030 1.040992
vn -0.000000 0.517630 0.855604
vn -0.000000 -0.517630 -0.855604
vn -0.000000 0.855604 -0.517630
vn 0.000000 -0.855604 0.517630
usemtl 
s off
f 73//51 74//51 75//51 76//51
f 77//52 80//52 79//52 78//52
f 73//39 77//39 78//39 74//39
f 74//53 78//53 79//53 75//53
f 75//41 79//41 80//41 76//41
f 77//54 73//54 76//54 80//54
o Cube.004_Cube.015
v -0.448197 -2.970717 1.088885
v -0.448197 -2.822604 1.541631
v -0.970478 -2.822604 1.541631
v -0.970478 -2.970718 1.088885
v -0.448197 -0.777294 0.371318
v -0.448197 -0.629181 0.824064
v -0.970478 -0.629181 0.824064
v -0.970478 -0.777295 0.371318
vn 0.000000 -0.950433 0.310929
vn 0.000000 0.950433 -0.310929
vn -0.000000 0.310929 0.950433
vn 0.000000 -0.310929 -0.950433
usemtl 
s off
f 81//55 82//55 83//55 84//55
f 85//56 88//56 87//56 86//56
f 81//39 85//39 86//39 82//39
f 82//57 86//57 87//57 83//57
f 83//41 87//41 88//41 84//41
f 85//58 81//58 84//58 88//58
o Cube.003_Cube.014
v -0.427949 -1.030960 0.190488
v -0.427949 -0.855750 0.581542
v -0.990725 -0.855750 0.581542
v -0.990725 -1.030960 0.190488
v -0.427949 0.115007 -0.322960
v -0.427950 0.290218 0.068093
v -0.990725 0.290218 0.068093
v -0.990725 0.115007 -0.322961
vn -0.000000 -0.912587 0.408883
vn -0.000000 0.912587 -0.408883
vn -0.000000 0.408883 0.912587
vn 0.000000 -0.408883 -0.912587
usemtl 
s off
f 89//59 90//59 91//59 92//59
f 93//60 96//60 95//60 94//60
f 89//39 93//39 94//39 90//39
f 90//61 94//61 95//61 91//61
f 91//41 95//41 96//41 92//41
f 93//62 89//62 92//62 96//62
o Cube.002_Cube.013
v -0.269446 2.951030 -0.735888
v -0.269446 2.951030 0.702803
v -1.708137 2.951030 0.702802
v -1.708137 2.951030 -0.735889
v -0.269445 4.389721 -0.735888
v -0.269446 4.389721 0.702803
v -1.708137 4.389721 0.702802
v -1.708136 4.389721 -0.735889
vn 0.000000 -1.000000 0.000000
vn 0.000000 1.000000 0.000000
vn -0.000000 0.000000 1.000000
vn 0.000000 0.000000 -1.000000
usemtl 
s off
f 97//63 98//63 99//63 100//63
f 101//64 104//64 103//64 102//64
f 97//39 101//39 102//39 98//39
f 98//65 102//65 103//65 99//65
f 99//41 103//41 104//41 100//41
f 101//66 97//66 100//66 104//66
o Cube.001_Cube.012
v -0.763576 2.537284 -0.447929
v -0.763576 2.537284 0.002502
v -1.214007 2.537284 0.002502
v -1.214006 2.537284 -0.447929
v -0.763576 3.016658 -0.447929
v -0.763576 3.016658 0.002502
v -1.214007 3.016658 0.002502
v -1.214006 3.016658 -0.447929
usemtl 
s off
f 105//63 106//63 107//63 108//63
f 109//64 112//64 111//64 110//64
f 105//39 109//39 110//39 106//39
f 106//65 110//65 111//65 107//65
f 107//41 111//41 112//41 108//41
f 109//66 105//66 108//66 112//66
o Cube_Cube.011
v -0.333995 -0.026391 -0.946233
v -0.333995 -0.026391 0.363359
v -1.643587 -0.026391 0.363359
v -1.643587 -0.026391 -0.946233
v -0.333995 2.556499 -0.946233
v -0.333995 2.556499 0.363360
v -1.643588 2.556499 0.363359
v -1.643587 2.556499 -0.946233
usemtl 
s off
f 113//63 114//63 115//63 116//63
f 117//64 120//64 119//64 118//64
f 113//39 117//39 118//39 114//39
f 114//65 118//65 119//65 115//65
f 115//41 119//41 120//41 116//41
f 117//66 113//66 116//66 120//66
