# Blender v2.59 (sub 0) OBJ File: 'zombie.blend'
# www.blender.org
mtllib zombie_000010.mtl
o Cube.015_Cube.026
v -2.450055 -0.004660 1.038990
v -2.485605 0.263761 1.498083
v -2.879557 0.338964 1.423608
v -2.844007 0.070543 0.964515
v -2.357517 0.306839 0.864029
v -2.393067 0.575260 1.323123
v -2.787019 0.650463 1.248648
v -2.751469 0.382042 0.789554
vn -0.250740 -0.844031 0.474068
vn 0.250740 0.844031 -0.474068
vn 0.965754 -0.184355 0.182571
vn -0.066699 0.503611 0.861352
vn -0.965754 0.184355 -0.182572
vn 0.066699 -0.503611 -0.861352
usemtl 
s off
f 1//1 2//1 3//1 4//1
f 5//2 8//2 7//2 6//2
f 1//3 5//3 6//3 2//3
f 2//4 6//4 7//4 3//4
f 3//5 7//5 8//5 4//5
f 5//6 1//6 4//6 8//6
o Cube.014_Cube.025
v -2.207622 1.432267 0.602267
v -2.368748 1.373120 0.276183
v -2.051470 1.240852 0.143400
v -1.890344 1.300000 0.469484
v -1.859861 2.663097 0.207173
v -2.020987 2.603949 -0.118911
v -1.703709 2.471682 -0.251694
v -1.542583 2.530829 0.074391
vn -0.259786 -0.919457 0.295144
vn 0.259785 0.919457 -0.295144
vn -0.861002 0.358936 0.360335
vn -0.437250 -0.160510 -0.884901
vn 0.861002 -0.358936 -0.360335
vn 0.437250 0.160510 0.884901
usemtl 
s off
f 9//7 10//7 11//7 12//7
f 13//8 16//8 15//8 14//8
f 9//9 13//9 14//9 10//9
f 10//10 14//10 15//10 11//10
f 11//11 15//11 16//11 12//11
f 13//12 9//12 12//12 16//12
o Cube.013_Cube.024
v -2.701509 0.599633 1.153225
v -2.711130 0.389383 0.850746
v -2.348744 0.329653 0.880737
v -2.339123 0.539903 1.183216
v -2.461240 1.677380 0.396448
v -2.470861 1.467129 0.093970
v -2.108475 1.407400 0.123961
v -2.098853 1.617650 0.426439
vn -0.179486 -0.805101 0.565329
vn 0.179486 0.805101 -0.565329
vn -0.983414 0.162090 -0.081387
vn -0.026110 -0.570560 -0.820841
vn 0.983414 -0.162090 0.081387
vn 0.026110 0.570560 0.820841
usemtl 
s off
f 17//13 18//13 19//13 20//13
f 21//14 24//14 23//14 22//14
f 17//15 21//15 22//15 18//15
f 18//16 22//16 23//16 19//16
f 19//17 23//17 24//17 20//17
f 21//18 17//18 20//18 24//18
o Cube.011_Cube.022
v 0.666769 0.392675 -1.784309
v 0.635046 0.137080 -1.317677
v 0.242630 0.243846 -1.285874
v 0.274353 0.499441 -1.752506
v 0.765135 0.701791 -1.608305
v 0.733413 0.446196 -1.141673
v 0.340997 0.552963 -1.109870
v 0.372720 0.808557 -1.576502
vn -0.266532 -0.837575 -0.476896
vn 0.266532 0.837575 0.476896
vn 0.961987 -0.261731 -0.077964
vn -0.059518 -0.479547 0.875495
vn -0.961987 0.261731 0.077964
vn 0.059518 0.479547 -0.875495
usemtl 
s off
f 25//19 26//19 27//19 28//19
f 29//20 32//20 31//20 30//20
f 25//21 29//21 30//21 26//21
f 26//22 30//22 31//22 27//22
f 27//23 31//23 32//23 28//23
f 29//24 25//24 28//24 32//24
o Cube.010_Cube.021
v 0.695895 0.565304 -1.381282
v 0.710088 0.403190 -1.050663
v 0.348470 0.334660 -1.068742
v 0.334277 0.496773 -1.399361
v 0.443642 1.741392 -0.793777
v 0.457835 1.579279 -0.463159
v 0.096217 1.510749 -0.481238
v 0.082024 1.672862 -0.811857
vn 0.188439 -0.878565 -0.438879
vn -0.188439 0.878565 0.438879
vn 0.981329 0.185972 0.049061
vn 0.038515 -0.439930 0.897206
vn -0.981329 -0.185972 -0.049061
vn -0.038516 0.439930 -0.897206
usemtl 
s off
f 33//25 34//25 35//25 36//25
f 37//26 40//26 39//26 38//26
f 33//27 37//27 38//27 34//27
f 34//28 38//28 39//28 35//28
f 35//29 39//29 40//29 36//29
f 37//30 33//30 36//30 40//30
o Cube.009_Cube.020
v 0.415771 1.566138 -0.905963
v 0.446308 1.474399 -0.550376
v 0.113990 1.315647 -0.562794
v 0.083454 1.407387 -0.918382
v -0.151952 2.727316 -0.557631
v -0.121415 2.635576 -0.202044
v -0.453733 2.476825 -0.214463
v -0.484269 2.568565 -0.570050
vn 0.424102 -0.867426 -0.260212
vn -0.424102 0.867426 0.260212
vn 0.901815 0.430806 0.033701
vn 0.082868 -0.248955 0.964963
vn -0.901815 -0.430806 -0.033701
vn -0.082868 0.248955 -0.964963
usemtl 
s off
f 41//31 42//31 43//31 44//31
f 45//32 48//32 47//32 46//32
f 41//33 45//33 46//33 42//33
f 42//34 46//34 47//34 43//34
f 43//35 47//35 48//35 44//35
f 45//36 41//36 44//36 48//36
o Cube.008_Cube.019
v -1.146648 -1.354066 -0.898445
v -1.146648 -1.530563 -1.303245
v -1.588252 -1.530563 -1.303245
v -1.588252 -1.354066 -0.898445
v -1.146648 -2.824586 -0.257282
v -1.146648 -3.001083 -0.662082
v -1.588252 -3.001083 -0.662081
v -1.588252 -2.824586 -0.257282
vn -0.000000 0.916658 -0.399673
vn 0.000000 -0.916658 0.399674
vn 1.000000 -0.000000 -0.000000
vn -0.000000 -0.399673 -0.916658
vn -1.000000 0.000000 0.000000
vn 0.000000 0.399673 0.916658
usemtl 
s off
f 49//37 50//37 51//37 52//37
f 53//38 56//38 55//38 54//38
f 49//39 53//39 54//39 50//39
f 50//40 54//40 55//40 51//40
f 51//41 55//41 56//41 52//41
f 53//42 49//42 52//42 56//42
o Cube.007_Cube.018
v -1.146648 -1.556226 -0.999281
v -1.146648 -1.945000 -0.789832
v -1.588252 -1.945000 -0.789832
v -1.588252 -1.556226 -0.999281
v -1.146648 -0.795358 0.413022
v -1.146648 -1.184132 0.622471
v -1.588252 -1.184132 0.622471
v -1.588252 -0.795358 0.413022
vn -0.000000 -0.474292 -0.880368
vn -0.000000 0.474292 0.880368
vn -0.000000 -0.880368 0.474292
vn 0.000000 0.880368 -0.474292
usemtl 
s off
f 57//43 58//43 59//43 60//43
f 61//44 64//44 63//44 62//44
f 57//39 61//39 62//39 58//39
f 58//45 62//45 63//45 59//45
f 59//41 63//41 64//41 60//41
f 61//46 57//46 60//46 64//46
o Cube.006_Cube.017
v -1.146648 -1.247660 0.320120
v -1.146648 -1.092904 0.733720
v -1.588252 -1.092904 0.733720
v -1.588252 -1.247660 0.320120
v -1.146648 0.254829 -0.242062
v -1.146648 0.409584 0.171538
v -1.588252 0.409584 0.171538
v -1.588252 0.254829 -0.242062
vn 0.000000 -0.936585 0.350439
vn 0.000000 0.936585 -0.350439
vn -0.000000 0.350439 0.936585
vn 0.000000 -0.350439 -0.936585
usemtl 
s off
f 65//47 66//47 67//47 68//47
f 69//48 72//48 71//48 70//48
f 65//39 69//39 70//39 66//39
f 66//49 70//49 71//49 67//49
f 67//41 71//41 72//41 68//41
f 69//50 65//50 68//50 72//50
o Cube.005_Cube.016
v -0.427949 -3.329486 0.208367
v -0.427949 -2.904961 0.266680
v -0.990725 -2.904961 0.266680
v -0.990725 -3.329486 0.208367
v -0.427949 -3.158602 -1.035687
v -0.427950 -2.734077 -0.977374
v -0.990725 -2.734078 -0.977374
v -0.990725 -3.158602 -1.035687
vn 0.000000 -0.136083 0.990698
vn -0.000000 0.136083 -0.990698
vn -0.000000 0.990698 0.136083
vn 0.000000 -0.990698 -0.136083
usemtl 
s off
f 73//51 74//51 75//51 76//51
f 77//52 80//52 79//52 78//52
f 73//39 77//39 78//39 74//39
f 74//53 78//53 79//53 75//53
f 75//41 79//41 80//41 76//41
f 77//54 73//54 76//54 80//54
o Cube.004_Cube.015
v -0.448197 -2.903703 -1.123932
v -0.448197 -2.979828 -0.653695
v -0.970478 -2.979828 -0.653695
v -0.970478 -2.903703 -1.123932
v -0.448197 -0.625548 -0.755131
v -0.448197 -0.701672 -0.284895
v -0.970478 -0.701672 -0.284895
v -0.970478 -0.625548 -0.755131
vn 0.000000 -0.987149 -0.159805
vn 0.000000 0.987149 0.159805
vn -0.000000 -0.159805 0.987149
vn 0.000000 0.159805 -0.987149
usemtl 
s off
f 81//55 82//55 83//55 84//55
f 85//56 88//56 87//56 86//56
f 81//39 85//39 86//39 82//39
f 82//57 86//57 87//57 83//57
f 83//41 87//41 88//41 84//41
f 85//58 81//58 84//58 88//58
o Cube.003_Cube.014
v -0.427949 -0.951539 -0.786958
v -0.427949 -1.025891 -0.364947
v -0.990725 -1.025891 -0.364947
v -0.990725 -0.951539 -0.786958
v -0.427949 0.285149 -0.569072
v -0.427950 0.210797 -0.147061
v -0.990725 0.210797 -0.147061
v -0.990725 0.285149 -0.569072
vn -0.000000 -0.984832 -0.173513
vn -0.000000 0.984832 0.173512
vn -0.000000 -0.173513 0.984832
vn 0.000000 0.173513 -0.984832
usemtl 
s off
f 89//59 90//59 91//59 92//59
f 93//60 96//60 95//60 94//60
f 89//39 93//39 94//39 90//39
f 90//61 94//61 95//61 91//61
f 91//41 95//41 96//41 92//41
f 93//62 89//62 92//62 96//62
o Cube.002_Cube.013
v -0.269446 3.071668 -0.735888
v -0.269446 3.071668 0.702803
v -1.708137 3.071668 0.702802
v -1.708137 3.071668 -0.735889
v -0.269445 4.510359 -0.735888
v -0.269446 4.510359 0.702803
v -1.708137 4.510359 0.702802
v -1.708136 4.510359 -0.735889
vn 0.000000 -1.000000 0.000000
vn 0.000000 1.000000 0.000000
vn -0.000000 0.000000 1.000000
vn 0.000000 0.000000 -1.000000
usemtl 
s off
f 97//63 98//63 99//63 100//63
f 101//64 104//64 103//64 102//64
f 97//39 101//39 102//39 98//39
f 98//65 102//65 103//65 99//65
f 99//41 103//41 104//41 100//41
f 101//66 97//66 100//66 104//66
o Cube.001_Cube.012
v -0.763576 2.657922 -0.447929
v -0.763576 2.657922 0.002502
v -1.214007 2.657922 0.002502
v -1.214006 2.657922 -0.447929
v -0.763576 3.137296 -0.447929
v -0.763576 3.137296 0.002502
v -1.214007 3.137296 0.002502
v -1.214006 3.137296 -0.447929
usemtl 
s off
f 105//63 106//63 107//63 108//63
f 109//64 112//64 111//64 110//64
f 105//39 109//39 110//39 106//39
f 106//65 110//65 111//65 107//65
f 107//41 111//41 112//41 108//41
f 109//66 105//66 108//66 112//66
o Cube_Cube.011
v -0.333995 0.094247 -0.946233
v -0.333995 0.094247 0.363359
v -1.643587 0.094247 0.363359
v -1.643587 0.094247 -0.946233
v -0.333995 2.677137 -0.946233
v -0.333995 2.677137 0.363360
v -1.643588 2.677137 0.363359
v -1.643587 2.677137 -0.946233
usemtl 
s off
f 113//63 114//63 115//63 116//63
f 117//64 120//64 119//64 118//64
f 113//39 117//39 118//39 114//39
f 114//65 118//65 119//65 115//65
f 115//41 119//41 120//41 116//41
f 117//66 113//66 116//66 120//66
