# Blender v2.59 (sub 0) OBJ File: 'zombie.blend'
# www.blender.org
mtllib zombie_000011.mtl
o Cube.015_Cube.026
v -2.346632 -0.111963 0.080954
v -2.377751 -0.024621 0.605819
v -2.771675 0.073605 0.566117
v -2.740555 -0.013737 0.041252
v -2.253232 0.241096 0.027740
v -2.284352 0.328438 0.552605
v -2.678275 0.426664 0.512903
v -2.647155 0.339322 -0.011962
vn -0.253074 -0.956642 0.144188
vn 0.253074 0.956642 -0.144188
vn 0.965683 -0.240796 0.097327
vn -0.058387 0.163871 0.984752
vn -0.965684 0.240796 -0.097327
vn 0.058387 -0.163871 -0.984752
usemtl 
s off
f 1//1 2//1 3//1 4//1
f 5//2 8//2 7//2 6//2
f 1//3 5//3 6//3 2//3
f 2//4 6//4 7//4 3//4
f 3//5 7//5 8//5 4//5
f 5//6 1//6 4//6 8//6
o Cube.014_Cube.025
v -2.200150 1.325611 0.229864
v -2.365439 1.366767 -0.096903
v -2.049536 1.283182 -0.267225
v -1.884246 1.242026 0.059542
v -1.861795 2.620767 0.221834
v -2.027084 2.661923 -0.104934
v -1.711180 2.578338 -0.275255
v -1.545891 2.537182 0.051512
vn -0.252759 -0.967511 0.005998
vn 0.252759 0.967511 -0.005999
vn -0.857273 0.226826 0.462204
vn -0.448548 0.111684 -0.886753
vn 0.857273 -0.226826 -0.462204
vn 0.448548 -0.111684 0.886753
usemtl 
s off
f 9//7 10//7 11//7 12//7
f 13//8 16//8 15//8 14//8
f 9//9 13//9 14//9 10//9
f 10//10 14//10 15//10 11//10
f 11//11 15//11 16//11 12//11
f 13//12 9//12 12//12 16//12
o Cube.013_Cube.024
v -2.563434 0.428233 0.440885
v -2.578047 0.357283 0.079577
v -2.215951 0.288901 0.078361
v -2.201338 0.359850 0.439669
v -2.320719 1.718132 0.177775
v -2.335331 1.647183 -0.183533
v -1.973235 1.578800 -0.184750
v -1.958623 1.649750 0.176559
vn -0.181314 -0.963584 0.196549
vn 0.181314 0.963584 -0.196549
vn -0.982625 0.185570 0.003300
vn -0.039654 -0.192536 -0.980488
vn 0.982625 -0.185570 -0.003300
vn 0.039654 0.192536 0.980488
usemtl 
s off
f 17//13 18//13 19//13 20//13
f 21//14 24//14 23//14 22//14
f 17//15 21//15 22//15 18//15
f 18//16 22//16 23//16 19//16
f 19//17 23//17 24//17 20//17
f 21//18 17//18 20//18 24//18
o Cube.011_Cube.022
v 0.666769 0.242400 -0.969353
v 0.635046 -0.013195 -0.502721
v 0.242630 0.093571 -0.470917
v 0.274353 0.349166 -0.937550
v 0.765135 0.551516 -0.793349
v 0.733413 0.295921 -0.326717
v 0.340997 0.402687 -0.294914
v 0.372720 0.658282 -0.761546
vn -0.266532 -0.837575 -0.476896
vn 0.266532 0.837575 0.476896
vn 0.961987 -0.261731 -0.077964
vn -0.059518 -0.479547 0.875495
vn -0.961987 0.261731 0.077964
vn 0.059518 0.479547 -0.875495
usemtl 
s off
f 25//19 26//19 27//19 28//19
f 29//20 32//20 31//20 30//20
f 25//21 29//21 30//21 26//21
f 26//22 30//22 31//22 27//22
f 27//23 31//23 32//23 28//23
f 29//24 25//24 28//24 32//24
o Cube.010_Cube.021
v 0.694671 0.348251 -0.745368
v 0.710192 0.286649 -0.382386
v 0.348569 0.215883 -0.378933
v 0.333048 0.277485 -0.741915
v 0.443542 1.642783 -0.514934
v 0.459063 1.581181 -0.151952
v 0.097440 1.510414 -0.148499
v 0.081919 1.572016 -0.511481
vn 0.187599 -0.967044 -0.172139
vn -0.187599 0.967044 0.172140
vn 0.981342 0.192041 -0.009370
vn 0.042119 -0.167170 0.985028
vn -0.981342 -0.192041 0.009370
vn -0.042119 0.167170 -0.985028
usemtl 
s off
f 33//25 34//25 35//25 36//25
f 37//26 40//26 39//26 38//26
f 33//27 37//27 38//27 34//27
f 34//28 38//28 39//28 35//28
f 35//29 39//29 40//29 36//29
f 37//30 33//30 36//30 40//30
o Cube.009_Cube.020
v 0.417311 1.489539 -0.553422
v 0.452856 1.504169 -0.186934
v 0.122332 1.345827 -0.148556
v 0.086786 1.331198 -0.515044
v -0.160294 2.697136 -0.545604
v -0.124748 2.711765 -0.179116
v -0.455272 2.553424 -0.140738
v -0.490818 2.538795 -0.507226
vn 0.431483 -0.902102 -0.005840
vn -0.431483 0.902102 0.005840
vn 0.896949 0.429693 -0.104147
vn 0.096461 0.039699 0.994545
vn -0.896949 -0.429693 0.104147
vn -0.096461 -0.039699 -0.994545
usemtl 
s off
f 41//31 42//31 43//31 44//31
f 45//32 48//32 47//32 46//32
f 41//33 45//33 46//33 42//33
f 42//34 46//34 47//34 43//34
f 43//35 47//35 48//35 44//35
f 45//36 41//36 44//36 48//36
o Cube.008_Cube.019
v -1.146648 -1.746064 -0.281600
v -1.146648 -2.118343 -0.519134
v -1.588252 -2.118343 -0.519134
v -1.588252 -1.746064 -0.281600
v -1.146648 -2.608955 1.070782
v -1.146648 -2.981235 0.833248
v -1.588252 -2.981234 0.833248
v -1.588252 -2.608955 1.070782
vn 0.000000 0.537889 -0.843016
vn -0.000000 -0.537889 0.843016
vn 1.000000 -0.000000 -0.000000
vn -0.000001 -0.843016 -0.537889
vn -1.000000 0.000000 0.000000
vn 0.000000 0.843016 0.537889
usemtl 
s off
f 49//37 50//37 51//37 52//37
f 53//38 56//38 55//38 54//38
f 49//39 53//39 54//39 50//39
f 50//40 54//40 55//40 51//40
f 51//41 55//41 56//41 52//41
f 53//42 49//42 52//42 56//42
o Cube.007_Cube.018
v -1.146648 -2.093197 -0.314617
v -1.146648 -2.317388 0.065847
v -1.588252 -2.317388 0.065847
v -1.588252 -2.093197 -0.314617
v -1.146648 -0.711084 0.499807
v -1.146648 -0.935276 0.880270
v -1.588252 -0.935276 0.880270
v -1.588252 -0.711084 0.499807
vn 0.000000 -0.861548 -0.507676
vn 0.000000 0.861548 0.507676
vn -0.000000 -0.507676 0.861548
vn 0.000000 0.507676 -0.861548
usemtl 
s off
f 57//43 58//43 59//43 60//43
f 61//44 64//44 63//44 62//44
f 57//39 61//39 62//39 58//39
f 58//45 62//45 63//45 59//45
f 59//41 63//41 64//41 60//41
f 61//46 57//46 60//46 64//46
o Cube.006_Cube.017
v -1.146648 -1.232916 0.526605
v -1.146648 -1.030006 0.918832
v -1.588252 -1.030006 0.918832
v -1.588252 -1.232916 0.526605
v -1.146648 0.191930 -0.210508
v -1.146648 0.394840 0.181719
v -1.588252 0.394840 0.181719
v -1.588252 0.191930 -0.210508
vn 0.000000 -0.888186 0.459484
vn -0.000000 0.888186 -0.459484
vn -0.000000 0.459484 0.888186
vn 0.000000 -0.459484 -0.888186
usemtl 
s off
f 65//47 66//47 67//47 68//47
f 69//48 72//48 71//48 70//48
f 65//39 69//39 70//39 66//39
f 66//49 70//49 71//49 67//49
f 67//41 71//41 72//41 68//41
f 69//50 65//50 68//50 72//50
o Cube.005_Cube.016
v -0.427949 -3.404145 -0.391415
v -0.427949 -3.010819 -0.221367
v -0.990725 -3.010819 -0.221367
v -0.990725 -3.404145 -0.391415
v -0.427949 -2.905826 -1.544043
v -0.427950 -2.512500 -1.373995
v -0.990725 -2.512500 -1.373995
v -0.990725 -2.905826 -1.544043
vn 0.000000 -0.396834 0.917890
vn 0.000000 0.396834 -0.917890
vn -0.000000 0.917890 0.396834
vn 0.000000 -0.917890 -0.396834
usemtl 
s off
f 73//51 74//51 75//51 76//51
f 77//52 80//52 79//52 78//52
f 73//39 77//39 78//39 74//39
f 74//53 78//53 79//53 75//53
f 75//41 79//41 80//41 76//41
f 77//54 73//54 76//54 80//54
o Cube.004_Cube.015
v -0.448197 -2.774484 -1.720089
v -0.448197 -2.958850 -1.280855
v -0.970478 -2.958850 -1.280855
v -0.970478 -2.774484 -1.720089
v -0.448197 -0.646526 -0.826890
v -0.448197 -0.830892 -0.387656
v -0.970478 -0.830892 -0.387657
v -0.970478 -0.646526 -0.826891
vn 0.000000 -0.922066 -0.387032
vn -0.000000 0.922066 0.387032
vn -0.000000 -0.387032 0.922066
vn 0.000000 0.387032 -0.922066
usemtl 
s off
f 81//55 82//55 83//55 84//55
f 85//56 88//56 87//56 86//56
f 81//39 85//39 86//39 82//39
f 82//57 86//57 87//57 83//57
f 83//41 87//41 88//41 84//41
f 85//58 81//58 84//58 88//58
o Cube.003_Cube.014
v -0.427949 -0.905174 -0.940799
v -0.427949 -1.033590 -0.531982
v -0.990725 -1.033590 -0.531982
v -0.990725 -0.905174 -0.940799
v -0.427949 0.292848 -0.564481
v -0.427950 0.164432 -0.155664
v -0.990725 0.164432 -0.155665
v -0.990725 0.292848 -0.564481
vn 0.000000 -0.954040 -0.299679
vn 0.000000 0.954040 0.299679
vn -0.000000 -0.299679 0.954040
vn 0.000000 0.299679 -0.954040
usemtl 
s off
f 89//59 90//59 91//59 92//59
f 93//60 96//60 95//60 94//60
f 89//39 93//39 94//39 90//39
f 90//61 94//61 95//61 91//61
f 91//41 95//41 96//41 92//41
f 93//62 89//62 92//62 96//62
o Cube.002_Cube.013
v -0.269446 3.051618 -0.735888
v -0.269446 3.051618 0.702803
v -1.708137 3.051618 0.702802
v -1.708137 3.051618 -0.735889
v -0.269445 4.490309 -0.735888
v -0.269446 4.490309 0.702803
v -1.708137 4.490309 0.702802
v -1.708136 4.490309 -0.735889
vn 0.000000 -1.000000 0.000000
vn 0.000000 1.000000 0.000000
vn -0.000000 0.000000 1.000000
vn 0.000000 0.000000 -1.000000
usemtl 
s off
f 97//63 98//63 99//63 100//63
f 101//64 104//64 103//64 102//64
f 97//39 101//39 102//39 98//39
f 98//65 102//65 103//65 99//65
f 99//41 103//41 104//41 100//41
f 101//66 97//66 100//66 104//66
o Cube.001_Cube.012
v -0.763576 2.637872 -0.447929
v -0.763576 2.637872 0.002502
v -1.214007 2.637872 0.002502
v -1.214006 2.637872 -0.447929
v -0.763576 3.117246 -0.447929
v -0.763576 3.117246 0.002502
v -1.214007 3.117246 0.002502
v -1.214006 3.117246 -0.447929
usemtl 
s off
f 105//63 106//63 107//63 108//63
f 109//64 112//64 111//64 110//64
f 105//39 109//39 110//39 106//39
f 106//65 110//65 111//65 107//65
f 107//41 111//41 112//41 108//41
f 109//66 105//66 108//66 112//66
o Cube_Cube.011
v -0.333995 0.074197 -0.946233
v -0.333995 0.074197 0.363359
v -1.643587 0.074197 0.363359
v -1.643587 0.074197 -0.946233
v -0.333995 2.657087 -0.946233
v -0.333995 2.657087 0.363360
v -1.643588 2.657087 0.363359
v -1.643587 2.657087 -0.946233
usemtl 
s off
f 113//63 114//63 115//63 116//63
f 117//64 120//64 119//64 118//64
f 113//39 117//39 118//39 114//39
f 114//65 118//65 119//65 115//65
f 115//41 119//41 120//41 116//41
f 117//66 113//66 116//66 120//66
