# Blender v2.59 (sub 0) OBJ File: 'zombie.blend'
# www.blender.org
mtllib zombie_000086.mtl
o Cube.015_Cube.026
v -1.184730 -0.682868 1.267786
v -0.696143 -0.700772 1.480019
v -0.634480 -0.312608 1.370809
v -1.123067 -0.294704 1.158576
v -1.048210 -0.795657 0.943985
v -0.559623 -0.813561 1.156218
v -0.497961 -0.425396 1.047008
v -0.986548 -0.407492 0.834775
vn -0.369911 0.305609 0.877365
vn 0.369911 -0.305609 -0.877365
vn -0.151163 -0.951564 0.267722
vn 0.916687 -0.033592 0.398191
vn 0.151163 0.951564 -0.267722
vn -0.916687 0.033592 -0.398191
usemtl 
s off
f 1//1 2//1 3//1 4//1
f 5//2 8//2 7//2 6//2
f 1//3 5//3 6//3 2//3
f 2//4 6//4 7//4 3//4
f 3//5 7//5 8//5 4//5
f 5//6 1//6 4//6 8//6
o Cube.014_Cube.025
v -0.474343 -0.853990 1.115746
v -0.499225 -0.681146 0.791251
v -0.658409 -0.979382 0.644599
v -0.633528 -1.152226 0.969094
v 0.729571 -1.327237 0.771355
v 0.704690 -1.154393 0.446860
v 0.545505 -1.452629 0.300209
v 0.570387 -1.625473 0.624704
vn -0.899351 0.353526 0.257267
vn 0.899351 -0.353526 -0.257267
vn 0.431982 0.809328 0.397970
vn -0.067521 0.469049 -0.880587
vn -0.431982 -0.809328 -0.397970
vn 0.067521 -0.469049 0.880587
usemtl 
s off
f 9//7 10//7 11//7 12//7
f 13//8 16//8 15//8 14//8
f 9//9 13//9 14//9 10//9
f 10//10 14//10 15//10 11//10
f 11//11 15//11 16//11 12//11
f 13//12 9//12 12//12 16//12
o Cube.013_Cube.024
v -1.061234 -0.487638 1.516939
v -1.234315 -0.453973 1.193364
v -1.340843 -0.806151 1.213705
v -1.167762 -0.839816 1.537280
v 0.055409 -0.862154 0.880680
v -0.117672 -0.828489 0.557105
v -0.224200 -1.180666 0.577446
v -0.051119 -1.214331 0.901021
vn -0.834157 0.279772 0.475300
vn 0.834157 -0.279771 -0.475300
vn 0.289087 0.955710 -0.055200
vn -0.469692 0.091357 -0.878091
vn -0.289087 -0.955710 0.055200
vn 0.469692 -0.091357 0.878091
usemtl 
s off
f 17//13 18//13 19//13 20//13
f 21//14 24//14 23//14 22//14
f 17//15 21//15 22//15 18//15
f 18//16 22//16 23//16 19//16
f 19//17 23//17 24//17 20//17
f 21//18 17//18 20//18 24//18
o Cube.011_Cube.022
v -1.379977 -3.645068 0.438465
v -1.757586 -3.574700 0.807979
v -1.625800 -3.193681 0.870093
v -1.248191 -3.264050 0.500580
v -1.148409 -3.767543 0.698431
v -1.526018 -3.697174 1.067945
v -1.394231 -3.316156 1.130059
v -1.016622 -3.386525 0.760545
vn -0.627453 0.331855 -0.704397
vn 0.627453 -0.331855 0.704397
vn -0.323067 -0.934046 -0.152269
vn -0.708470 0.132026 0.693281
vn 0.323068 0.934046 0.152269
vn 0.708470 -0.132026 -0.693281
usemtl 
s off
f 25//19 26//19 27//19 28//19
f 29//20 32//20 31//20 30//20
f 25//21 29//21 30//21 26//21
f 26//22 30//22 31//22 27//22
f 27//23 31//23 32//23 28//23
f 29//24 25//24 28//24 32//24
o Cube.010_Cube.021
v -1.943015 -3.619438 0.251130
v -1.883550 -3.641525 0.614127
v -1.914442 -3.275343 0.641468
v -1.973907 -3.253256 0.278470
v -0.626686 -3.492864 0.043197
v -0.567221 -3.514950 0.406194
v -0.598114 -3.148768 0.433535
v -0.657578 -3.126682 0.070538
vn -0.983327 -0.094554 0.155330
vn 0.983327 0.094554 -0.155330
vn 0.083832 -0.993714 -0.074195
vn 0.161369 -0.059936 0.985072
vn -0.083833 0.993714 0.074195
vn -0.161369 0.059936 -0.985072
usemtl 
s off
f 33//25 34//25 35//25 36//25
f 37//26 40//26 39//26 38//26
f 33//27 37//27 38//27 34//27
f 34//28 38//28 39//28 35//28
f 35//29 39//29 40//29 36//29
f 37//30 33//30 36//30 40//30
o Cube.009_Cube.020
v -0.622186 -3.478873 -0.015874
v -0.579590 -3.520031 0.347832
v -0.704868 -3.177624 0.401253
v -0.747465 -3.136466 0.037546
v 0.627180 -3.007257 -0.108827
v 0.669777 -3.048414 0.254879
v 0.544498 -2.706007 0.308299
v 0.501901 -2.664849 -0.055407
vn -0.933305 -0.352308 0.069438
vn 0.933305 0.352308 -0.069438
vn 0.339971 -0.929195 -0.144967
vn 0.115595 -0.111691 0.986997
vn -0.339971 0.929195 0.144967
vn -0.115595 0.111691 -0.986997
usemtl 
s off
f 41//31 42//31 43//31 44//31
f 45//32 48//32 47//32 46//32
f 41//33 45//33 46//33 42//33
f 42//34 46//34 47//34 43//34
f 43//35 47//35 48//35 44//35
f 45//36 41//36 44//36 48//36
o Cube.008_Cube.019
v -1.146648 -2.706276 -0.331710
v -1.146648 -3.146121 -0.371087
v -1.588252 -3.146121 -0.371087
v -1.588252 -2.706276 -0.331710
v -1.146648 -2.849322 1.266119
v -1.146648 -3.289167 1.226742
v -1.588252 -3.289167 1.226742
v -1.588252 -2.849322 1.266119
vn 0.000000 0.089168 -0.996017
vn 0.000000 -0.089168 0.996017
vn 1.000000 -0.000000 0.000000
vn -0.000000 -0.996017 -0.089168
vn -1.000000 0.000000 -0.000000
vn 0.000000 0.996017 0.089169
usemtl 
s off
f 49//37 50//37 51//37 52//37
f 53//38 56//38 55//38 54//38
f 49//39 53//39 54//39 50//39
f 50//40 54//40 55//40 51//40
f 51//41 55//41 56//41 52//41
f 53//42 49//42 52//42 56//42
o Cube.007_Cube.018
v -1.146648 -2.841806 0.089277
v -1.146648 -3.276325 0.168064
v -1.588252 -3.276325 0.168064
v -1.588252 -2.841806 0.089277
v -1.146648 -2.555597 1.667759
v -1.146648 -2.990116 1.746545
v -1.588252 -2.990116 1.746545
v -1.588252 -2.555597 1.667759
vn 0.000000 -0.178410 -0.983956
vn 0.000000 0.178410 0.983956
vn -0.000000 -0.983956 0.178410
vn 0.000000 0.983956 -0.178410
usemtl 
s off
f 57//43 58//43 59//43 60//43
f 61//44 64//44 63//44 62//44
f 57//39 61//39 62//39 58//39
f 58//45 62//45 63//45 59//45
f 59//41 63//41 64//41 60//41
f 61//46 57//46 60//46 64//46
o Cube.006_Cube.017
v -1.146648 -2.711348 1.429256
v -1.146648 -2.286620 1.550173
v -1.588252 -2.286620 1.550173
v -1.588252 -2.711348 1.429256
v -1.146648 -2.272093 -0.113655
v -1.146648 -1.847365 0.007262
v -1.588252 -1.847365 0.007262
v -1.588252 -2.272093 -0.113655
vn 0.000000 -0.273812 0.961783
vn -0.000000 0.273812 -0.961783
vn -0.000000 0.961783 0.273812
vn 0.000001 -0.961783 -0.273812
usemtl 
s off
f 65//47 66//47 67//47 68//47
f 69//48 72//48 71//48 70//48
f 65//39 69//39 70//39 66//39
f 66//49 70//49 71//49 67//49
f 67//41 71//41 72//41 68//41
f 69//50 65//50 68//50 72//50
o Cube.005_Cube.016
v -0.427949 -3.632206 -1.778063
v -0.427949 -3.256963 -1.571145
v -0.990725 -3.256963 -1.571145
v -0.990725 -3.632206 -1.778063
v -0.427949 -3.025842 -2.877697
v -0.427950 -2.650599 -2.670779
v -0.990725 -2.650600 -2.670779
v -0.990725 -3.025842 -2.877697
vn 0.000000 -0.482875 0.875689
vn -0.000000 0.482875 -0.875689
vn -0.000000 0.875689 0.482875
vn 0.000000 -0.875689 -0.482875
usemtl 
s off
f 73//51 74//51 75//51 76//51
f 77//52 80//52 79//52 78//52
f 73//39 77//39 78//39 74//39
f 74//53 78//53 79//53 75//53
f 75//41 79//41 80//41 76//41
f 77//54 73//54 76//54 80//54
o Cube.004_Cube.015
v -0.448197 -2.723572 -2.651598
v -0.448197 -3.197083 -2.703605
v -0.970478 -3.197083 -2.703605
v -0.970478 -2.723572 -2.651598
v -0.448197 -2.975532 -0.357579
v -0.448197 -3.449043 -0.409586
v -0.970478 -3.449043 -0.409586
v -0.970478 -2.975532 -0.357579
vn -0.000000 0.109177 -0.994022
vn -0.000000 -0.109177 0.994022
vn -0.000000 -0.994022 -0.109177
vn 0.000000 0.994022 0.109177
usemtl 
s off
f 81//55 82//55 83//55 84//55
f 85//56 88//56 87//56 86//56
f 81//39 85//39 86//39 82//39
f 82//57 86//57 87//57 83//57
f 83//41 87//41 88//41 84//41
f 85//58 81//58 84//58 88//58
o Cube.003_Cube.014
v -0.307735 -2.370203 -1.421689
v -0.307735 -2.748902 -1.221168
v -0.870511 -2.748902 -1.221168
v -0.870511 -2.370203 -1.421689
v -0.307735 -1.782584 -0.311926
v -0.307735 -2.161283 -0.111405
v -0.870511 -2.161283 -0.111405
v -0.870511 -1.782584 -0.311926
vn 0.000000 -0.467948 -0.883756
vn 0.000000 0.467948 0.883756
vn -0.000000 -0.883756 0.467948
vn 0.000000 0.883756 -0.467948
usemtl 
s off
f 89//59 90//59 91//59 92//59
f 93//60 96//60 95//60 94//60
f 89//39 93//39 94//39 90//39
f 90//61 94//61 95//61 91//61
f 91//41 95//41 96//41 92//41
f 93//62 89//62 92//62 96//62
o Cube.002_Cube.013
v 1.509172 -2.998434 -0.353433
v 0.872014 -2.933502 0.934840
v 1.017874 -1.502224 0.934840
v 1.655031 -1.567156 -0.353433
v 2.790806 -3.129044 0.287025
v 2.153649 -3.064111 1.575298
v 2.299509 -1.632833 1.575297
v 2.936666 -1.697766 0.287024
vn -0.890834 0.090784 -0.445167
vn 0.890834 -0.090784 0.445167
vn -0.101384 -0.994847 0.000000
vn -0.442873 0.045133 0.895448
vn 0.101384 0.994847 -0.000000
vn 0.442873 -0.045133 -0.895448
usemtl 
s off
f 97//63 98//63 99//63 100//63
f 101//64 104//64 103//64 102//64
f 97//65 101//65 102//65 98//65
f 98//66 102//66 103//66 99//66
f 99//67 103//67 104//67 100//67
f 101//68 97//68 100//68 104//68
o Cube.001_Cube.012
v 1.021787 -2.452076 -0.059492
v 1.021787 -2.452076 0.390939
v 1.067453 -2.003966 0.390939
v 1.067453 -2.003966 -0.059492
v 1.498691 -2.500677 -0.059491
v 1.498691 -2.500676 0.390939
v 1.544357 -2.052567 0.390939
v 1.544357 -2.052567 -0.059492
vn -0.994847 0.101383 0.000000
vn 0.994847 -0.101383 0.000000
vn 0.000000 0.000000 1.000000
vn 0.101383 0.994847 -0.000000
vn 0.000000 -0.000000 -1.000000
usemtl 
s off
f 105//69 106//69 107//69 108//69
f 109//70 112//70 111//70 110//70
f 105//65 109//65 110//65 106//65
f 106//71 110//71 111//71 107//71
f 107//72 111//72 112//72 108//72
f 109//73 105//73 108//73 112//73
o Cube_Cube.011
v -1.572231 -2.619529 -0.557796
v -1.572231 -2.619529 0.751796
v -1.439460 -1.316684 0.751796
v -1.439459 -1.316684 -0.557796
v 0.997350 -2.881392 -0.557796
v 0.997350 -2.881391 0.751797
v 1.130122 -1.578546 0.751796
v 1.130121 -1.578547 -0.557796
vn -0.994847 0.101384 -0.000000
vn 0.994847 -0.101384 0.000000
usemtl 
s off
f 113//74 114//74 115//74 116//74
f 117//75 120//75 119//75 118//75
f 113//65 117//65 118//65 114//65
f 114//71 118//71 119//71 115//71
f 115//67 119//67 120//67 116//67
f 117//73 113//73 116//73 120//73
