# Blender v2.59 (sub 0) OBJ File: 'zombie.blend'
# www.blender.org
mtllib zombie_000080.mtl
o Cube.015_Cube.026
v -1.958327 -1.470981 1.381010
v -1.641154 -1.053099 1.475118
v -1.832530 -0.842090 1.183140
v -2.149703 -1.259973 1.089032
v -1.717508 -1.597608 1.131654
v -1.400335 -1.179726 1.225762
v -1.591711 -0.968717 0.933784
v -1.908884 -1.386599 0.839676
vn -0.652518 0.343105 0.675648
vn 0.652518 -0.343105 -0.675647
vn 0.469148 -0.517277 0.715769
vn 0.595080 0.784031 0.176565
vn -0.469148 0.517277 -0.715769
vn -0.595080 -0.784031 -0.176565
usemtl 
s off
f 1//1 2//1 3//1 4//1
f 5//2 8//2 7//2 6//2
f 1//3 5//3 6//3 2//3
f 2//4 6//4 7//4 3//4
f 3//5 7//5 8//5 4//5
f 5//6 1//6 4//6 8//6
o Cube.014_Cube.025
v -1.611602 -1.455814 1.046001
v -1.801008 -1.239015 0.815971
v -1.694362 -1.447627 0.531544
v -1.504955 -1.664427 0.761575
v -0.530648 -0.682894 0.884410
v -0.720055 -0.466094 0.654380
v -0.613408 -0.674707 0.369953
v -0.424001 -0.891507 0.599984
vn -0.807497 -0.577389 0.120712
vn 0.807497 0.577389 -0.120712
vn -0.289409 0.566115 0.771852
vn -0.513996 0.588333 -0.624238
vn 0.289409 -0.566115 -0.771852
vn 0.513996 -0.588333 0.624237
usemtl 
s off
f 9//7 10//7 11//7 12//7
f 13//8 16//8 15//8 14//8
f 9//9 13//9 14//9 10//9
f 10//10 14//10 15//10 11//10
f 11//11 15//11 16//11 12//11
f 13//12 9//12 12//12 16//12
o Cube.013_Cube.024
v -2.146632 -0.902866 1.285587
v -2.258297 -1.198575 1.096173
v -2.147629 -1.416839 1.371681
v -2.035964 -1.121129 1.561095
v -0.935928 -0.999500 0.722704
v -1.047594 -1.295210 0.533291
v -0.936925 -1.513474 0.808798
v -0.825260 -1.217764 0.998212
vn -0.904423 0.072188 0.420486
vn 0.904423 -0.072188 -0.420486
vn -0.300322 0.592306 -0.747650
vn -0.303028 -0.802473 -0.514015
vn 0.300322 -0.592306 0.747650
vn 0.303028 0.802473 0.514015
usemtl 
s off
f 17//13 18//13 19//13 20//13
f 21//14 24//14 23//14 22//14
f 17//15 21//15 22//15 18//15
f 18//16 22//16 23//16 19//16
f 19//17 23//17 24//17 20//17
f 21//18 17//18 20//18 24//18
o Cube.011_Cube.022
v -0.242177 -2.659840 0.428345
v -0.512648 -3.069678 0.635610
v -0.646394 -2.829144 0.936701
v -0.375922 -2.419306 0.729436
v 0.051914 -2.751020 0.631823
v -0.218557 -3.160858 0.839088
v -0.352303 -2.920324 1.140179
v -0.081832 -2.510486 0.932914
vn -0.796861 0.247060 -0.551339
vn 0.796861 -0.247060 0.551339
vn 0.327871 -0.589657 -0.738109
vn -0.507458 -0.768938 0.388871
vn -0.327871 0.589657 0.738109
vn 0.507458 0.768938 -0.388871
usemtl 
s off
f 25//19 26//19 27//19 28//19
f 29//20 32//20 31//20 30//20
f 25//21 29//21 30//21 26//21
f 26//22 30//22 31//22 27//22
f 27//23 31//23 32//23 28//23
f 29//24 25//24 28//24 32//24
o Cube.010_Cube.021
v -0.521313 -3.374377 0.127847
v -0.418427 -3.418919 0.478877
v -0.727309 -3.251884 0.590604
v -0.830194 -3.207343 0.239574
v 0.105768 -2.192173 0.094061
v 0.208653 -2.236714 0.445091
v -0.100229 -2.069680 0.556817
v -0.203114 -2.025138 0.205788
vn -0.468443 -0.883133 0.025239
vn 0.468443 0.883133 -0.025239
vn 0.838217 -0.453283 -0.303195
vn 0.279202 -0.120874 0.952594
vn -0.838217 0.453283 0.303195
vn -0.279202 0.120874 -0.952594
usemtl 
s off
f 33//25 34//25 35//25 36//25
f 37//26 40//26 39//26 38//26
f 33//27 37//27 38//27 34//27
f 34//28 38//28 39//28 35//28
f 35//29 39//29 40//29 36//29
f 37//30 33//30 36//30 40//30
o Cube.009_Cube.020
v -0.040595 -2.661186 -0.074358
v 0.051943 -2.678604 0.281906
v -0.296202 -2.602934 0.376034
v -0.388740 -2.585517 0.019770
v 0.241327 -1.352594 -0.083609
v 0.333865 -1.370012 0.272655
v -0.014281 -1.294343 0.366783
v -0.106818 -1.276925 0.010519
vn -0.210602 -0.977547 0.006911
vn 0.210602 0.977547 -0.006911
vn 0.944767 -0.205346 -0.255436
vn 0.251120 -0.047266 0.966801
vn -0.944767 0.205346 0.255436
vn -0.251120 0.047266 -0.966801
usemtl 
s off
f 41//31 42//31 43//31 44//31
f 45//32 48//32 47//32 46//32
f 41//33 45//33 46//33 42//33
f 42//34 46//34 47//34 43//34
f 43//35 47//35 48//35 44//35
f 45//36 41//36 44//36 48//36
o Cube.008_Cube.019
v -1.146648 -2.706276 -0.331710
v -1.146648 -3.146121 -0.371087
v -1.588252 -3.146121 -0.371087
v -1.588252 -2.706276 -0.331710
v -1.146648 -2.849322 1.266119
v -1.146648 -3.289167 1.226742
v -1.588252 -3.289167 1.226742
v -1.588252 -2.849322 1.266119
vn 0.000000 0.089168 -0.996017
vn 0.000000 -0.089168 0.996017
vn 1.000000 -0.000000 0.000000
vn -0.000000 -0.996017 -0.089168
vn -1.000000 0.000000 -0.000000
vn 0.000000 0.996017 0.089169
usemtl 
s off
f 49//37 50//37 51//37 52//37
f 53//38 56//38 55//38 54//38
f 49//39 53//39 54//39 50//39
f 50//40 54//40 55//40 51//40
f 51//41 55//41 56//41 52//41
f 53//42 49//42 52//42 56//42
o Cube.007_Cube.018
v -1.146648 -2.841806 0.089277
v -1.146648 -3.276325 0.168064
v -1.588252 -3.276325 0.168064
v -1.588252 -2.841806 0.089277
v -1.146648 -2.555597 1.667759
v -1.146648 -2.990116 1.746545
v -1.588252 -2.990116 1.746545
v -1.588252 -2.555597 1.667759
vn 0.000000 -0.178410 -0.983956
vn 0.000000 0.178410 0.983956
vn -0.000000 -0.983956 0.178410
vn 0.000000 0.983956 -0.178410
usemtl 
s off
f 57//43 58//43 59//43 60//43
f 61//44 64//44 63//44 62//44
f 57//39 61//39 62//39 58//39
f 58//45 62//45 63//45 59//45
f 59//41 63//41 64//41 60//41
f 61//46 57//46 60//46 64//46
o Cube.006_Cube.017
v -1.146648 -2.711348 1.429256
v -1.146648 -2.286620 1.550173
v -1.588252 -2.286620 1.550173
v -1.588252 -2.711348 1.429256
v -1.146648 -2.272093 -0.113655
v -1.146648 -1.847365 0.007262
v -1.588252 -1.847365 0.007262
v -1.588252 -2.272093 -0.113655
vn 0.000000 -0.273812 0.961783
vn -0.000000 0.273812 -0.961783
vn -0.000000 0.961783 0.273812
vn 0.000001 -0.961783 -0.273812
usemtl 
s off
f 65//47 66//47 67//47 68//47
f 69//48 72//48 71//48 70//48
f 65//39 69//39 70//39 66//39
f 66//49 70//49 71//49 67//49
f 67//41 71//41 72//41 68//41
f 69//50 65//50 68//50 72//50
o Cube.005_Cube.016
v -0.427949 -3.632206 -1.778063
v -0.427949 -3.256963 -1.571145
v -0.990725 -3.256963 -1.571145
v -0.990725 -3.632206 -1.778063
v -0.427949 -3.025842 -2.877697
v -0.427950 -2.650599 -2.670779
v -0.990725 -2.650600 -2.670779
v -0.990725 -3.025842 -2.877697
vn 0.000000 -0.482875 0.875689
vn -0.000000 0.482875 -0.875689
vn -0.000000 0.875689 0.482875
vn 0.000000 -0.875689 -0.482875
usemtl 
s off
f 73//51 74//51 75//51 76//51
f 77//52 80//52 79//52 78//52
f 73//39 77//39 78//39 74//39
f 74//53 78//53 79//53 75//53
f 75//41 79//41 80//41 76//41
f 77//54 73//54 76//54 80//54
o Cube.004_Cube.015
v -0.448197 -2.723572 -2.651598
v -0.448197 -3.197083 -2.703605
v -0.970478 -3.197083 -2.703605
v -0.970478 -2.723572 -2.651598
v -0.448197 -2.975532 -0.357579
v -0.448197 -3.449043 -0.409586
v -0.970478 -3.449043 -0.409586
v -0.970478 -2.975532 -0.357579
vn -0.000000 0.109177 -0.994022
vn -0.000000 -0.109177 0.994022
vn -0.000000 -0.994022 -0.109177
vn 0.000000 0.994022 0.109177
usemtl 
s off
f 81//55 82//55 83//55 84//55
f 85//56 88//56 87//56 86//56
f 81//39 85//39 86//39 82//39
f 82//57 86//57 87//57 83//57
f 83//41 87//41 88//41 84//41
f 85//58 81//58 84//58 88//58
o Cube.003_Cube.014
v -0.307735 -2.370203 -1.421689
v -0.307735 -2.748902 -1.221168
v -0.870511 -2.748902 -1.221168
v -0.870511 -2.370203 -1.421689
v -0.307735 -1.782584 -0.311926
v -0.307735 -2.161283 -0.111405
v -0.870511 -2.161283 -0.111405
v -0.870511 -1.782584 -0.311926
vn 0.000000 -0.467948 -0.883756
vn 0.000000 0.467948 0.883756
vn -0.000000 -0.883756 0.467948
vn 0.000000 0.883756 -0.467948
usemtl 
s off
f 89//59 90//59 91//59 92//59
f 93//60 96//60 95//60 94//60
f 89//39 93//39 94//39 90//39
f 90//61 94//61 95//61 91//61
f 91//41 95//41 96//41 92//41
f 93//62 89//62 92//62 96//62
o Cube.002_Cube.013
v 0.594667 -1.352846 -0.353433
v 0.198790 -1.856302 0.934840
v -0.932147 -0.967024 0.934840
v -0.536270 -0.463569 -0.353433
v 1.390968 -0.340152 0.287025
v 0.995091 -0.843607 1.575297
v -0.135846 0.045671 1.575297
v 0.260031 0.549126 0.287024
vn -0.553490 -0.703900 -0.445167
vn 0.553490 0.703900 0.445167
vn 0.786087 -0.618116 0.000000
vn -0.275165 -0.349940 0.895448
vn -0.786087 0.618116 -0.000000
vn 0.275165 0.349940 -0.895448
usemtl 
s off
f 97//63 98//63 99//63 100//63
f 101//64 104//64 103//64 102//64
f 97//65 101//65 102//65 98//65
f 98//66 102//66 103//66 99//66
f 99//67 103//67 104//67 100//67
f 101//68 97//68 100//68 104//68
o Cube.001_Cube.012
v 0.000570 -1.268384 -0.059492
v 0.000570 -1.268384 0.390939
v -0.353508 -0.989966 0.390939
v -0.353507 -0.989966 -0.059492
v 0.296879 -0.891554 -0.059492
v 0.296879 -0.891554 0.390939
v -0.057199 -0.613136 0.390939
v -0.057199 -0.613136 -0.059492
vn -0.618116 -0.786087 -0.000000
vn 0.618116 0.786087 0.000000
vn -0.000000 0.000000 1.000000
vn -0.786087 0.618115 -0.000000
vn 0.000000 -0.000000 -1.000000
usemtl 
s off
f 105//69 106//69 107//69 108//69
f 109//70 112//70 111//70 110//70
f 105//65 109//65 110//65 106//65
f 106//71 110//71 111//71 107//71
f 107//72 111//72 112//72 108//72
f 109//73 105//73 108//73 112//73
o Cube_Cube.011
v -0.945737 -3.041451 -0.557796
v -0.945737 -3.041451 0.751796
v -1.975191 -2.231972 0.751796
v -1.975191 -2.231972 -0.557796
v 0.650787 -1.011075 -0.557796
v 0.650787 -1.011075 0.751797
v -0.378667 -0.201595 0.751796
v -0.378667 -0.201595 -0.557796
vn 0.786087 -0.618115 0.000000
usemtl 
s off
f 113//69 114//69 115//69 116//69
f 117//70 120//70 119//70 118//70
f 113//74 117//74 118//74 114//74
f 114//71 118//71 119//71 115//71
f 115//67 119//67 120//67 116//67
f 117//73 113//73 116//73 120//73
