# Blender v2.59 (sub 0) OBJ File: 'zombie.blend'
# www.blender.org
mtllib zombie_000077.mtl
o Cube.015_Cube.026
v -2.244611 -1.955652 1.325782
v -2.228162 -1.443891 1.473803
v -2.597932 -1.385168 1.311869
v -2.614380 -1.896930 1.163848
v -2.089184 -1.867265 1.002925
v -2.072736 -1.355504 1.150946
v -2.442506 -1.296782 0.989012
v -2.458954 -1.808543 0.840991
vn -0.421139 -0.239491 0.874806
vn 0.421139 0.239491 -0.874806
vn 0.906471 -0.143954 0.396973
vn 0.030860 0.960167 0.277717
vn -0.906471 0.143954 -0.396973
vn -0.030860 -0.960167 -0.277717
usemtl 
s off
f 1//1 2//1 3//1 4//1
f 5//2 8//2 7//2 6//2
f 1//3 5//3 6//3 2//3
f 2//4 6//4 7//4 3//4
f 3//5 7//5 8//5 4//5
f 5//6 1//6 4//6 8//6
o Cube.014_Cube.025
v -2.091515 -1.469322 1.065189
v -2.288869 -1.446330 0.754845
v -2.007182 -1.589325 0.565120
v -1.809827 -1.612317 0.875464
v -1.611030 -0.238402 0.850835
v -1.808385 -0.215410 0.540490
v -1.526697 -0.358404 0.350765
v -1.329343 -0.381397 0.661110
vn -0.358933 -0.919525 0.160128
vn 0.358933 0.919525 -0.160128
vn -0.764421 0.388047 0.514860
vn -0.535564 0.062395 -0.842187
vn 0.764421 -0.388047 -0.514860
vn 0.535564 -0.062395 0.842187
usemtl 
s off
f 9//7 10//7 11//7 12//7
f 13//8 16//8 15//8 14//8
f 9//9 13//9 14//9 10//9
f 10//10 14//10 15//10 11//10
f 11//11 15//11 16//11 12//11
f 13//12 9//12 12//12 16//12
o Cube.013_Cube.024
v -2.529191 -1.731915 1.532769
v -2.514442 -1.976740 1.257752
v -2.175910 -2.075971 1.364244
v -2.190659 -1.831146 1.639260
v -2.003142 -0.798620 0.730141
v -1.988394 -1.043445 0.455125
v -1.649862 -1.142676 0.561616
v -1.664610 -0.897851 0.836633
vn -0.392970 -0.697192 0.599581
vn 0.392970 0.697193 -0.599581
vn -0.918680 0.269284 -0.288987
vn 0.040022 -0.664386 -0.746317
vn 0.918680 -0.269284 0.288987
vn -0.040022 0.664386 0.746317
usemtl 
s off
f 17//13 18//13 19//13 20//13
f 21//14 24//14 23//14 22//14
f 17//15 21//15 22//15 18//15
f 18//16 22//16 23//16 19//16
f 19//17 23//17 24//17 20//17
f 21//18 17//18 20//18 24//18
o Cube.011_Cube.022
v 0.480489 -2.153121 0.426790
v 0.446481 -2.595999 0.721381
v 0.083037 -2.474876 0.861516
v 0.117045 -2.031999 0.566925
v 0.646406 -1.979468 0.707008
v 0.612398 -2.422346 1.001599
v 0.248954 -2.301223 1.141734
v 0.282962 -1.858345 0.847143
vn -0.449566 -0.470527 -0.759273
vn 0.449566 0.470527 0.759273
vn 0.890965 -0.296926 -0.343534
vn -0.063806 -0.830927 0.552711
vn -0.890965 0.296926 0.343534
vn 0.063806 0.830927 -0.552711
usemtl 
s off
f 25//19 26//19 27//19 28//19
f 29//20 32//20 31//20 30//20
f 25//21 29//21 30//21 26//21
f 26//22 30//22 31//22 27//22
f 27//23 31//23 32//23 28//23
f 29//24 25//24 28//24 32//24
o Cube.010_Cube.021
v 0.482835 -2.824742 0.209927
v 0.525449 -2.782197 0.573472
v 0.160385 -2.803775 0.618789
v 0.117771 -2.846321 0.255244
v 0.386494 -1.497359 0.065875
v 0.429108 -1.454813 0.429420
v 0.064044 -1.476392 0.474738
v 0.021430 -1.518938 0.111193
vn 0.071969 -0.991585 0.107609
vn -0.071969 0.991585 -0.107610
vn 0.990680 0.058557 -0.122979
vn 0.115643 0.115457 0.986558
vn -0.990680 -0.058557 0.122979
vn -0.115643 -0.115457 -0.986558
usemtl 
s off
f 33//25 34//25 35//25 36//25
f 37//26 40//26 39//26 38//26
f 33//27 37//27 38//27 34//27
f 34//28 38//28 39//28 35//28
f 35//29 39//29 40//29 36//29
f 37//30 33//30 36//30 40//30
o Cube.009_Cube.020
v 0.344457 -1.674459 -0.033027
v 0.397493 -1.636910 0.329696
v 0.053413 -1.753157 0.392040
v 0.000377 -1.790706 0.029317
v -0.094295 -0.411510 -0.099615
v -0.041259 -0.373960 0.263108
v -0.385339 -0.490208 0.325452
v -0.438375 -0.527757 -0.037271
vn 0.327758 -0.943451 0.049743
vn -0.327758 0.943451 -0.049743
vn 0.933735 0.315462 -0.169184
vn 0.143925 0.101898 0.984328
vn -0.933735 -0.315462 0.169184
vn -0.143925 -0.101898 -0.984328
usemtl 
s off
f 41//31 42//31 43//31 44//31
f 45//32 48//32 47//32 46//32
f 41//33 45//33 46//33 42//33
f 42//34 46//34 47//34 43//34
f 43//35 47//35 48//35 44//35
f 45//36 41//36 44//36 48//36
o Cube.008_Cube.019
v -1.146648 -2.706276 -0.331710
v -1.146648 -3.146121 -0.371087
v -1.588252 -3.146121 -0.371087
v -1.588252 -2.706276 -0.331710
v -1.146648 -2.849322 1.266119
v -1.146648 -3.289167 1.226742
v -1.588252 -3.289167 1.226742
v -1.588252 -2.849322 1.266119
vn 0.000000 0.089168 -0.996017
vn 0.000000 -0.089168 0.996017
vn 1.000000 -0.000000 0.000000
vn -0.000000 -0.996017 -0.089168
vn -1.000000 0.000000 -0.000000
vn 0.000000 0.996017 0.089169
usemtl 
s off
f 49//37 50//37 51//37 52//37
f 53//38 56//38 55//38 54//38
f 49//39 53//39 54//39 50//39
f 50//40 54//40 55//40 51//40
f 51//41 55//41 56//41 52//41
f 53//42 49//42 52//42 56//42
o Cube.007_Cube.018
v -1.146648 -2.841806 0.089277
v -1.146648 -3.276325 0.168064
v -1.588252 -3.276325 0.168064
v -1.588252 -2.841806 0.089277
v -1.146648 -2.555597 1.667759
v -1.146648 -2.990116 1.746545
v -1.588252 -2.990116 1.746545
v -1.588252 -2.555597 1.667759
vn 0.000000 -0.178410 -0.983956
vn 0.000000 0.178410 0.983956
vn -0.000000 -0.983956 0.178410
vn 0.000000 0.983956 -0.178410
usemtl 
s off
f 57//43 58//43 59//43 60//43
f 61//44 64//44 63//44 62//44
f 57//39 61//39 62//39 58//39
f 58//45 62//45 63//45 59//45
f 59//41 63//41 64//41 60//41
f 61//46 57//46 60//46 64//46
o Cube.006_Cube.017
v -1.146648 -2.711348 1.429256
v -1.146648 -2.286620 1.550173
v -1.588252 -2.286620 1.550173
v -1.588252 -2.711348 1.429256
v -1.146648 -2.272093 -0.113655
v -1.146648 -1.847365 0.007262
v -1.588252 -1.847365 0.007262
v -1.588252 -2.272093 -0.113655
vn 0.000000 -0.273812 0.961783
vn -0.000000 0.273812 -0.961783
vn -0.000000 0.961783 0.273812
vn 0.000001 -0.961783 -0.273812
usemtl 
s off
f 65//47 66//47 67//47 68//47
f 69//48 72//48 71//48 70//48
f 65//39 69//39 70//39 66//39
f 66//49 70//49 71//49 67//49
f 67//41 71//41 72//41 68//41
f 69//50 65//50 68//50 72//50
o Cube.005_Cube.016
v -0.427949 -3.632206 -1.778063
v -0.427949 -3.256963 -1.571145
v -0.990725 -3.256963 -1.571145
v -0.990725 -3.632206 -1.778063
v -0.427949 -3.025842 -2.877697
v -0.427950 -2.650599 -2.670779
v -0.990725 -2.650600 -2.670779
v -0.990725 -3.025842 -2.877697
vn 0.000000 -0.482875 0.875689
vn -0.000000 0.482875 -0.875689
vn -0.000000 0.875689 0.482875
vn 0.000000 -0.875689 -0.482875
usemtl 
s off
f 73//51 74//51 75//51 76//51
f 77//52 80//52 79//52 78//52
f 73//39 77//39 78//39 74//39
f 74//53 78//53 79//53 75//53
f 75//41 79//41 80//41 76//41
f 77//54 73//54 76//54 80//54
o Cube.004_Cube.015
v -0.448197 -2.723572 -2.651598
v -0.448197 -3.197083 -2.703605
v -0.970478 -3.197083 -2.703605
v -0.970478 -2.723572 -2.651598
v -0.448197 -2.975532 -0.357579
v -0.448197 -3.449043 -0.409586
v -0.970478 -3.449043 -0.409586
v -0.970478 -2.975532 -0.357579
vn -0.000000 0.109177 -0.994022
vn -0.000000 -0.109177 0.994022
vn -0.000000 -0.994022 -0.109177
vn 0.000000 0.994022 0.109177
usemtl 
s off
f 81//55 82//55 83//55 84//55
f 85//56 88//56 87//56 86//56
f 81//39 85//39 86//39 82//39
f 82//57 86//57 87//57 83//57
f 83//41 87//41 88//41 84//41
f 85//58 81//58 84//58 88//58
o Cube.003_Cube.014
v -0.307735 -2.370203 -1.421689
v -0.307735 -2.748902 -1.221168
v -0.870511 -2.748902 -1.221168
v -0.870511 -2.370203 -1.421689
v -0.307735 -1.782584 -0.311926
v -0.307735 -2.161283 -0.111405
v -0.870511 -2.161283 -0.111405
v -0.870511 -1.782584 -0.311926
vn 0.000000 -0.467948 -0.883756
vn 0.000000 0.467948 0.883756
vn -0.000000 -0.883756 0.467948
vn 0.000000 0.883756 -0.467948
usemtl 
s off
f 89//59 90//59 91//59 92//59
f 93//60 96//60 95//60 94//60
f 89//39 93//39 94//39 90//39
f 90//61 94//61 95//61 91//61
f 91//41 95//41 96//41 92//41
f 93//62 89//62 92//62 96//62
o Cube.002_Cube.013
v -0.103829 0.206524 -0.353433
v -0.186256 -0.428607 0.934840
v -1.612982 -0.243448 0.934840
v -1.530555 0.391683 -0.353433
v 0.061971 1.484083 0.287025
v -0.020456 0.848952 1.575297
v -1.447182 1.034111 1.575297
v -1.364755 1.669242 0.287024
vn -0.115244 -0.888001 -0.445167
vn 0.115244 0.888001 0.445167
vn 0.991684 -0.128700 0.000000
vn -0.057293 -0.441464 0.895448
vn -0.991684 0.128700 -0.000000
vn 0.057293 0.441464 -0.895448
usemtl 
s off
f 97//63 98//63 99//63 100//63
f 101//64 104//64 103//64 102//64
f 97//65 101//65 102//65 98//65
f 98//66 102//66 103//66 99//66
f 99//67 103//67 104//67 100//67
f 101//68 97//68 100//68 104//68
o Cube.001_Cube.012
v -0.629012 -0.174021 -0.059492
v -0.629012 -0.174021 0.390939
v -1.075697 -0.116051 0.390939
v -1.075697 -0.116051 -0.059492
v -0.567317 0.301366 -0.059492
v -0.567317 0.301366 0.390939
v -1.014002 0.359336 0.390939
v -1.014001 0.359336 -0.059492
vn -0.128700 -0.991684 -0.000000
vn 0.128700 0.991684 0.000000
vn -0.000000 0.000000 1.000000
vn 0.000000 0.000000 -1.000000
usemtl 
s off
f 105//69 106//69 107//69 108//69
f 109//70 112//70 111//70 110//70
f 105//65 109//65 110//65 106//65
f 106//71 110//71 111//71 107//71
f 107//67 111//67 112//67 108//67
f 109//72 105//72 108//72 112//72
o Cube_Cube.011
v -0.449206 -2.549307 -0.557796
v -0.449206 -2.549307 0.751796
v -1.747907 -2.380763 0.751796
v -1.747907 -2.380763 -0.557796
v -0.116789 0.012102 -0.557796
v -0.116789 0.012102 0.751797
v -1.415491 0.180646 0.751796
v -1.415490 0.180646 -0.557796
usemtl 
s off
f 113//69 114//69 115//69 116//69
f 117//70 120//70 119//70 118//70
f 113//65 117//65 118//65 114//65
f 114//71 118//71 119//71 115//71
f 115//67 119//67 120//67 116//67
f 117//72 113//72 116//72 120//72
