# Blender v2.59 (sub 0) OBJ File: 'zombie.blend'
# www.blender.org
mtllib zombie_000083.mtl
o Cube.015_Cube.026
v -1.443910 -0.878261 1.290449
v -0.968366 -0.782159 1.511137
v -0.941776 -0.433049 1.301814
v -1.417319 -0.529151 1.081126
v -1.278983 -1.057191 1.012979
v -0.803439 -0.961089 1.233668
v -0.776849 -0.611979 1.024345
v -1.252392 -0.708082 0.803656
vn -0.446882 0.484825 0.751825
vn 0.446882 -0.484825 -0.751825
vn -0.065186 -0.855824 0.513144
vn 0.892215 0.180307 0.414056
vn 0.065185 0.855824 -0.513144
vn -0.892215 -0.180307 -0.414056
usemtl 
s off
f 1//1 2//1 3//1 4//1
f 5//2 8//2 7//2 6//2
f 1//3 5//3 6//3 2//3
f 2//4 6//4 7//4 3//4
f 3//5 7//5 8//5 4//5
f 5//6 1//6 4//6 8//6
o Cube.014_Cube.025
v -0.848842 -1.073788 1.162888
v -0.917954 -0.829816 0.895507
v -1.013148 -1.104696 0.669299
v -0.944036 -1.348668 0.936679
v 0.419763 -1.170586 0.746656
v 0.350651 -0.926615 0.479275
v 0.255457 -1.201495 0.253067
v 0.324569 -1.445466 0.520447
vn -0.947677 0.072311 0.310935
vn 0.947677 -0.072311 -0.310935
vn 0.258329 0.745946 0.613866
vn -0.187552 0.662069 -0.725595
vn -0.258329 -0.745946 -0.613866
vn 0.187551 -0.662069 0.725595
usemtl 
s off
f 9//7 10//7 11//7 12//7
f 13//8 16//8 15//8 14//8
f 9//9 13//9 14//9 10//9
f 10//10 14//10 15//10 11//10
f 11//11 15//11 16//11 12//11
f 13//12 9//12 12//12 16//12
o Cube.013_Cube.024
v -1.297327 -0.448951 1.389339
v -1.481362 -0.518217 1.077691
v -1.592759 -0.841396 1.215303
v -1.408725 -0.772130 1.526951
v -0.210467 -1.040856 0.879082
v -0.394502 -1.110122 0.567434
v -0.505899 -1.433301 0.705046
v -0.321865 -1.364035 1.016694
vn -0.811909 0.442166 0.381173
vn 0.811909 -0.442166 -0.381173
vn 0.302302 0.877016 -0.373440
vn -0.499417 -0.187969 -0.845724
vn -0.302302 -0.877016 0.373440
vn 0.499417 0.187970 0.845724
usemtl 
s off
f 17//13 18//13 19//13 20//13
f 21//14 24//14 23//14 22//14
f 17//15 21//15 22//15 18//15
f 18//16 22//16 23//16 19//16
f 19//17 23//17 24//17 20//17
f 21//18 17//18 20//18 24//18
o Cube.011_Cube.022
v -1.052759 -3.342055 0.404587
v -1.436116 -3.413566 0.767911
v -1.328667 -3.064688 0.949953
v -0.945310 -2.993177 0.586629
v -0.815499 -3.526783 0.618572
v -1.198856 -3.598294 0.981895
v -1.091406 -3.249416 1.163937
v -0.708049 -3.177905 0.800613
vn -0.642875 0.500535 -0.579807
vn 0.642875 -0.500535 0.579807
vn -0.263406 -0.855256 -0.446266
vn -0.719255 -0.134169 0.681668
vn 0.263407 0.855256 0.446266
vn 0.719255 0.134169 -0.681667
usemtl 
s off
f 25//19 26//19 27//19 28//19
f 29//20 32//20 31//20 30//20
f 25//21 29//21 30//21 26//21
f 26//22 30//22 31//22 27//22
f 27//23 31//23 32//23 28//23
f 29//24 25//24 28//24 32//24
o Cube.010_Cube.021
v -1.575120 -3.607473 0.201142
v -1.497590 -3.675662 0.554880
v -1.629876 -3.344491 0.647712
v -1.707406 -3.276303 0.293974
v -0.357860 -3.075216 0.036953
v -0.280331 -3.143404 0.390691
v -0.412616 -2.812234 0.483522
v -0.490146 -2.744045 0.129784
vn -0.909320 -0.397608 0.122654
vn 0.909320 0.397608 -0.122654
vn 0.358986 -0.898703 -0.251918
vn 0.210394 -0.185044 0.959944
vn -0.358985 0.898703 0.251919
vn -0.210394 0.185044 -0.959944
usemtl 
s off
f 33//25 34//25 35//25 36//25
f 37//26 40//26 39//26 38//26
f 33//27 37//27 38//27 34//27
f 34//28 38//28 39//28 35//28
f 35//29 39//29 40//29 36//29
f 37//30 33//30 36//30 40//30
o Cube.009_Cube.020
v -0.468792 -3.329563 -0.045316
v -0.400862 -3.385263 0.312559
v -0.627796 -3.108031 0.398783
v -0.695725 -3.052330 0.040908
v 0.556623 -2.471206 -0.106357
v 0.624552 -2.526906 0.251517
v 0.397619 -2.249673 0.337741
v 0.329689 -2.193973 -0.020134
vn -0.766008 -0.641212 0.045599
vn 0.766008 0.641212 -0.045600
vn 0.615833 -0.752329 -0.233987
vn 0.184341 -0.151154 0.971170
vn -0.615833 0.752329 0.233987
vn -0.184341 0.151154 -0.971170
usemtl 
s off
f 41//31 42//31 43//31 44//31
f 45//32 48//32 47//32 46//32
f 41//33 45//33 46//33 42//33
f 42//34 46//34 47//34 43//34
f 43//35 47//35 48//35 44//35
f 45//36 41//36 44//36 48//36
o Cube.008_Cube.019
v -1.146648 -2.706276 -0.331710
v -1.146648 -3.146121 -0.371087
v -1.588252 -3.146121 -0.371087
v -1.588252 -2.706276 -0.331710
v -1.146648 -2.849322 1.266119
v -1.146648 -3.289167 1.226742
v -1.588252 -3.289167 1.226742
v -1.588252 -2.849322 1.266119
vn 0.000000 0.089168 -0.996017
vn 0.000000 -0.089168 0.996017
vn 1.000000 -0.000000 0.000000
vn -0.000000 -0.996017 -0.089168
vn -1.000000 0.000000 -0.000000
vn 0.000000 0.996017 0.089169
usemtl 
s off
f 49//37 50//37 51//37 52//37
f 53//38 56//38 55//38 54//38
f 49//39 53//39 54//39 50//39
f 50//40 54//40 55//40 51//40
f 51//41 55//41 56//41 52//41
f 53//42 49//42 52//42 56//42
o Cube.007_Cube.018
v -1.146648 -2.841806 0.089277
v -1.146648 -3.276325 0.168064
v -1.588252 -3.276325 0.168064
v -1.588252 -2.841806 0.089277
v -1.146648 -2.555597 1.667759
v -1.146648 -2.990116 1.746545
v -1.588252 -2.990116 1.746545
v -1.588252 -2.555597 1.667759
vn 0.000000 -0.178410 -0.983956
vn 0.000000 0.178410 0.983956
vn -0.000000 -0.983956 0.178410
vn 0.000000 0.983956 -0.178410
usemtl 
s off
f 57//43 58//43 59//43 60//43
f 61//44 64//44 63//44 62//44
f 57//39 61//39 62//39 58//39
f 58//45 62//45 63//45 59//45
f 59//41 63//41 64//41 60//41
f 61//46 57//46 60//46 64//46
o Cube.006_Cube.017
v -1.146648 -2.711348 1.429256
v -1.146648 -2.286620 1.550173
v -1.588252 -2.286620 1.550173
v -1.588252 -2.711348 1.429256
v -1.146648 -2.272093 -0.113655
v -1.146648 -1.847365 0.007262
v -1.588252 -1.847365 0.007262
v -1.588252 -2.272093 -0.113655
vn 0.000000 -0.273812 0.961783
vn -0.000000 0.273812 -0.961783
vn -0.000000 0.961783 0.273812
vn 0.000001 -0.961783 -0.273812
usemtl 
s off
f 65//47 66//47 67//47 68//47
f 69//48 72//48 71//48 70//48
f 65//39 69//39 70//39 66//39
f 66//49 70//49 71//49 67//49
f 67//41 71//41 72//41 68//41
f 69//50 65//50 68//50 72//50
o Cube.005_Cube.016
v -0.427949 -3.632206 -1.778063
v -0.427949 -3.256963 -1.571145
v -0.990725 -3.256963 -1.571145
v -0.990725 -3.632206 -1.778063
v -0.427949 -3.025842 -2.877697
v -0.427950 -2.650599 -2.670779
v -0.990725 -2.650600 -2.670779
v -0.990725 -3.025842 -2.877697
vn 0.000000 -0.482875 0.875689
vn -0.000000 0.482875 -0.875689
vn -0.000000 0.875689 0.482875
vn 0.000000 -0.875689 -0.482875
usemtl 
s off
f 73//51 74//51 75//51 76//51
f 77//52 80//52 79//52 78//52
f 73//39 77//39 78//39 74//39
f 74//53 78//53 79//53 75//53
f 75//41 79//41 80//41 76//41
f 77//54 73//54 76//54 80//54
o Cube.004_Cube.015
v -0.448197 -2.723572 -2.651598
v -0.448197 -3.197083 -2.703605
v -0.970478 -3.197083 -2.703605
v -0.970478 -2.723572 -2.651598
v -0.448197 -2.975532 -0.357579
v -0.448197 -3.449043 -0.409586
v -0.970478 -3.449043 -0.409586
v -0.970478 -2.975532 -0.357579
vn -0.000000 0.109177 -0.994022
vn -0.000000 -0.109177 0.994022
vn -0.000000 -0.994022 -0.109177
vn 0.000000 0.994022 0.109177
usemtl 
s off
f 81//55 82//55 83//55 84//55
f 85//56 88//56 87//56 86//56
f 81//39 85//39 86//39 82//39
f 82//57 86//57 87//57 83//57
f 83//41 87//41 88//41 84//41
f 85//58 81//58 84//58 88//58
o Cube.003_Cube.014
v -0.307735 -2.370203 -1.421689
v -0.307735 -2.748902 -1.221168
v -0.870511 -2.748902 -1.221168
v -0.870511 -2.370203 -1.421689
v -0.307735 -1.782584 -0.311926
v -0.307735 -2.161283 -0.111405
v -0.870511 -2.161283 -0.111405
v -0.870511 -1.782584 -0.311926
vn 0.000000 -0.467948 -0.883756
vn 0.000000 0.467948 0.883756
vn -0.000000 -0.883756 0.467948
vn 0.000000 0.883756 -0.467948
usemtl 
s off
f 89//59 90//59 91//59 92//59
f 93//60 96//60 95//60 94//60
f 89//39 93//39 94//39 90//39
f 90//61 94//61 95//61 91//61
f 91//41 95//41 96//41 92//41
f 93//62 89//62 92//62 96//62
o Cube.002_Cube.013
v 1.275232 -2.627436 -0.353433
v 0.654348 -2.784561 0.934840
v 0.301390 -1.389838 0.934840
v 0.922274 -1.232713 -0.353433
v 2.524133 -2.311381 0.287025
v 1.903249 -2.468505 1.575297
v 1.550292 -1.073782 1.575297
v 2.171176 -0.916658 0.287024
vn -0.868082 -0.219683 -0.445167
vn 0.868082 0.219682 0.445167
vn 0.245332 -0.969439 0.000000
vn -0.431562 -0.109214 0.895448
vn -0.245333 0.969439 -0.000000
vn 0.431562 0.109214 -0.895448
usemtl 
s off
f 97//63 98//63 99//63 100//63
f 101//64 104//64 103//64 102//64
f 97//65 101//65 102//65 98//65
f 98//66 102//66 103//66 99//66
f 99//67 103//67 104//67 100//67
f 101//68 97//68 100//68 104//68
o Cube.001_Cube.012
v 0.724954 -2.169246 -0.059492
v 0.724954 -2.169246 0.390939
v 0.614449 -1.732581 0.390939
v 0.614449 -1.732581 -0.059492
v 1.189678 -2.051640 -0.059492
v 1.189678 -2.051640 0.390939
v 1.079172 -1.614975 0.390939
v 1.079172 -1.614975 -0.059492
vn -0.969439 -0.245333 -0.000000
vn 0.969439 0.245333 -0.000000
vn 0.245333 -0.969439 0.000000
vn -0.000000 0.000000 1.000000
vn 0.000000 -0.000000 -1.000000
usemtl 
s off
f 105//69 106//69 107//69 108//69
f 109//70 112//70 111//70 110//70
f 105//71 109//71 110//71 106//71
f 106//72 110//72 111//72 107//72
f 107//67 111//67 112//67 108//67
f 109//73 105//73 108//73 112//73
o Cube_Cube.011
v -1.438634 -2.927785 -0.557796
v -1.438634 -2.927785 0.751796
v -1.759920 -1.658215 0.751796
v -1.759920 -1.658215 -0.557796
v 1.065320 -2.294118 -0.557796
v 1.065320 -2.294117 0.751797
v 0.744034 -1.024547 0.751796
v 0.744034 -1.024548 -0.557796
usemtl 
s off
f 113//69 114//69 115//69 116//69
f 117//70 120//70 119//70 118//70
f 113//71 117//71 118//71 114//71
f 114//72 118//72 119//72 115//72
f 115//67 119//67 120//67 116//67
f 117//73 113//73 116//73 120//73
