# Blender v2.59 (sub 0) OBJ File: 'zombie.blend'
# www.blender.org
mtllib zombie_000079.mtl
o Cube.015_Cube.026
v -2.085556 -1.676165 1.389075
v -1.884171 -1.188650 1.465587
v -2.156498 -1.035038 1.203592
v -2.357883 -1.522552 1.127080
v -1.848794 -1.730357 1.111202
v -1.647409 -1.242843 1.187714
v -1.919737 -1.089230 0.925719
v -2.121122 -1.576745 0.849207
vn -0.641523 0.146838 0.752918
vn 0.641523 -0.146838 -0.752919
vn 0.667597 -0.376573 0.642267
vn 0.377838 0.914675 0.143552
vn -0.667597 0.376573 -0.642267
vn -0.377838 -0.914675 -0.143552
usemtl 
s off
f 1//1 2//1 3//1 4//1
f 5//2 8//2 7//2 6//2
f 1//3 5//3 6//3 2//3
f 2//4 6//4 7//4 3//4
f 3//5 7//5 8//5 4//5
f 5//6 1//6 4//6 8//6
o Cube.014_Cube.025
v -1.810566 -1.515538 1.020749
v -2.024351 -1.357712 0.765449
v -1.844263 -1.541015 0.501329
v -1.630479 -1.698841 0.756629
v -0.938294 -0.505658 0.914626
v -1.152079 -0.347832 0.659325
v -0.971991 -0.531136 0.395206
v -0.758207 -0.688961 0.650506
vn -0.651607 -0.754403 0.079276
vn 0.651607 0.754403 -0.079276
vn -0.488706 0.497434 0.716747
vn -0.580150 0.428294 -0.692813
vn 0.488706 -0.497434 -0.716747
vn 0.580150 -0.428294 0.692813
usemtl 
s off
f 9//7 10//7 11//7 12//7
f 13//8 16//8 15//8 14//8
f 9//9 13//9 14//9 10//9
f 10//10 14//10 15//10 11//10
f 11//11 15//11 16//11 12//11
f 13//12 9//12 12//12 16//12
o Cube.013_Cube.024
v -2.387361 -1.201146 1.384704
v -2.429249 -1.516095 1.198040
v -2.216063 -1.689821 1.443319
v -2.174176 -1.374872 1.629984
v -1.306128 -0.910134 0.651066
v -1.348016 -1.225083 0.464401
v -1.134831 -1.398809 0.709681
v -1.092943 -1.083860 0.896346
vn -0.807705 -0.217393 0.548044
vn 0.807705 0.217393 -0.548044
vn -0.578525 0.471445 -0.665619
vn -0.113672 -0.854682 -0.506555
vn 0.578525 -0.471444 0.665619
vn 0.113672 0.854682 0.506555
usemtl 
s off
f 17//13 18//13 19//13 20//13
f 21//14 24//14 23//14 22//14
f 17//15 21//15 22//15 18//15
f 18//16 22//16 23//16 19//16
f 19//17 23//17 24//17 20//17
f 21//18 17//18 20//18 24//18
o Cube.011_Cube.022
v 0.029510 -2.456287 0.431490
v -0.137403 -2.924011 0.625021
v -0.372605 -2.728417 0.894879
v -0.205692 -2.260692 0.701348
v 0.308018 -2.455479 0.673645
v 0.141104 -2.923203 0.867176
v -0.094097 -2.727608 1.137034
v 0.072816 -2.259884 0.943503
vn -0.754638 -0.002189 -0.656137
vn 0.754638 0.002189 0.656137
vn 0.576585 -0.479490 -0.661543
vn -0.313163 -0.877544 0.363104
vn -0.576585 0.479490 0.661543
vn 0.313164 0.877544 -0.363104
usemtl 
s off
f 25//19 26//19 27//19 28//19
f 29//20 32//20 31//20 30//20
f 25//21 29//21 30//21 26//21
f 26//22 30//22 31//22 27//22
f 27//23 31//23 32//23 28//23
f 29//24 25//24 28//24 32//24
o Cube.010_Cube.021
v -0.125008 -3.212939 0.139917
v -0.034398 -3.225622 0.496877
v -0.378372 -3.129493 0.587607
v -0.468983 -3.116809 0.230648
v 0.224611 -1.921464 0.097058
v 0.315221 -1.934147 0.454017
v -0.028753 -1.838018 0.544747
v -0.119363 -1.825334 0.187788
vn -0.261173 -0.964761 0.032017
vn 0.261173 0.964761 -0.032017
vn 0.933448 -0.260868 -0.246216
vn 0.245892 -0.034419 0.968686
vn -0.933448 0.260868 0.246216
vn -0.245892 0.034419 -0.968686
usemtl 
s off
f 33//25 34//25 35//25 36//25
f 37//26 40//26 39//26 38//26
f 33//27 37//27 38//27 34//27
f 34//28 38//28 39//28 35//28
f 35//29 39//29 40//29 36//29
f 37//30 33//30 36//30 40//30
o Cube.009_Cube.020
v 0.114382 -2.334241 -0.065930
v 0.198420 -2.329074 0.292821
v -0.160367 -2.328792 0.376863
v -0.244405 -2.333959 0.018113
v 0.111100 -0.995725 -0.084438
v 0.195138 -0.990559 0.274312
v -0.163649 -0.990276 0.358355
v -0.247687 -0.995443 -0.000396
vn 0.002452 -0.999901 0.013826
vn -0.002452 0.999901 -0.013826
vn 0.973645 -0.000766 -0.228067
vn 0.228055 0.014021 0.973547
vn -0.973645 0.000766 0.228067
vn -0.228055 -0.014021 -0.973547
usemtl 
s off
f 41//31 42//31 43//31 44//31
f 45//32 48//32 47//32 46//32
f 41//33 45//33 46//33 42//33
f 42//34 46//34 47//34 43//34
f 43//35 47//35 48//35 44//35
f 45//36 41//36 44//36 48//36
o Cube.008_Cube.019
v -1.146648 -2.706276 -0.331710
v -1.146648 -3.146121 -0.371087
v -1.588252 -3.146121 -0.371087
v -1.588252 -2.706276 -0.331710
v -1.146648 -2.849322 1.266119
v -1.146648 -3.289167 1.226742
v -1.588252 -3.289167 1.226742
v -1.588252 -2.849322 1.266119
vn 0.000000 0.089168 -0.996017
vn 0.000000 -0.089168 0.996017
vn 1.000000 -0.000000 0.000000
vn -0.000000 -0.996017 -0.089168
vn -1.000000 0.000000 -0.000000
vn 0.000000 0.996017 0.089169
usemtl 
s off
f 49//37 50//37 51//37 52//37
f 53//38 56//38 55//38 54//38
f 49//39 53//39 54//39 50//39
f 50//40 54//40 55//40 51//40
f 51//41 55//41 56//41 52//41
f 53//42 49//42 52//42 56//42
o Cube.007_Cube.018
v -1.146648 -2.841806 0.089277
v -1.146648 -3.276325 0.168064
v -1.588252 -3.276325 0.168064
v -1.588252 -2.841806 0.089277
v -1.146648 -2.555597 1.667759
v -1.146648 -2.990116 1.746545
v -1.588252 -2.990116 1.746545
v -1.588252 -2.555597 1.667759
vn 0.000000 -0.178410 -0.983956
vn 0.000000 0.178410 0.983956
vn -0.000000 -0.983956 0.178410
vn 0.000000 0.983956 -0.178410
usemtl 
s off
f 57//43 58//43 59//43 60//43
f 61//44 64//44 63//44 62//44
f 57//39 61//39 62//39 58//39
f 58//45 62//45 63//45 59//45
f 59//41 63//41 64//41 60//41
f 61//46 57//46 60//46 64//46
o Cube.006_Cube.017
v -1.146648 -2.711348 1.429256
v -1.146648 -2.286620 1.550173
v -1.588252 -2.286620 1.550173
v -1.588252 -2.711348 1.429256
v -1.146648 -2.272093 -0.113655
v -1.146648 -1.847365 0.007262
v -1.588252 -1.847365 0.007262
v -1.588252 -2.272093 -0.113655
vn 0.000000 -0.273812 0.961783
vn -0.000000 0.273812 -0.961783
vn -0.000000 0.961783 0.273812
vn 0.000001 -0.961783 -0.273812
usemtl 
s off
f 65//47 66//47 67//47 68//47
f 69//48 72//48 71//48 70//48
f 65//39 69//39 70//39 66//39
f 66//49 70//49 71//49 67//49
f 67//41 71//41 72//41 68//41
f 69//50 65//50 68//50 72//50
o Cube.005_Cube.016
v -0.427949 -3.632206 -1.778063
v -0.427949 -3.256963 -1.571145
v -0.990725 -3.256963 -1.571145
v -0.990725 -3.632206 -1.778063
v -0.427949 -3.025842 -2.877697
v -0.427950 -2.650599 -2.670779
v -0.990725 -2.650600 -2.670779
v -0.990725 -3.025842 -2.877697
vn 0.000000 -0.482875 0.875689
vn -0.000000 0.482875 -0.875689
vn -0.000000 0.875689 0.482875
vn 0.000000 -0.875689 -0.482875
usemtl 
s off
f 73//51 74//51 75//51 76//51
f 77//52 80//52 79//52 78//52
f 73//39 77//39 78//39 74//39
f 74//53 78//53 79//53 75//53
f 75//41 79//41 80//41 76//41
f 77//54 73//54 76//54 80//54
o Cube.004_Cube.015
v -0.448197 -2.723572 -2.651598
v -0.448197 -3.197083 -2.703605
v -0.970478 -3.197083 -2.703605
v -0.970478 -2.723572 -2.651598
v -0.448197 -2.975532 -0.357579
v -0.448197 -3.449043 -0.409586
v -0.970478 -3.449043 -0.409586
v -0.970478 -2.975532 -0.357579
vn -0.000000 0.109177 -0.994022
vn -0.000000 -0.109177 0.994022
vn -0.000000 -0.994022 -0.109177
vn 0.000000 0.994022 0.109177
usemtl 
s off
f 81//55 82//55 83//55 84//55
f 85//56 88//56 87//56 86//56
f 81//39 85//39 86//39 82//39
f 82//57 86//57 87//57 83//57
f 83//41 87//41 88//41 84//41
f 85//58 81//58 84//58 88//58
o Cube.003_Cube.014
v -0.307735 -2.370203 -1.421689
v -0.307735 -2.748902 -1.221168
v -0.870511 -2.748902 -1.221168
v -0.870511 -2.370203 -1.421689
v -0.307735 -1.782584 -0.311926
v -0.307735 -2.161283 -0.111405
v -0.870511 -2.161283 -0.111405
v -0.870511 -1.782584 -0.311926
vn 0.000000 -0.467948 -0.883756
vn 0.000000 0.467948 0.883756
vn -0.000000 -0.883756 0.467948
vn 0.000000 0.883756 -0.467948
usemtl 
s off
f 89//59 90//59 91//59 92//59
f 93//60 96//60 95//60 94//60
f 89//39 93//39 94//39 90//39
f 90//61 94//61 95//61 91//61
f 91//41 95//41 96//41 92//41
f 93//62 89//62 92//62 96//62
o Cube.002_Cube.013
v 0.330594 -0.807583 -0.353433
v 0.048126 -1.382385 0.934840
v -1.243080 -0.747863 0.934840
v -0.960612 -0.173061 -0.353433
v 0.898775 0.348624 0.287025
v 0.616307 -0.226177 1.575297
v -0.674899 0.408345 1.575297
v -0.392431 0.983146 0.287024
vn -0.394929 -0.803653 -0.445167
vn 0.394929 0.803653 0.445167
vn 0.897487 -0.441041 0.000000
vn -0.196337 -0.399531 0.895448
vn -0.897487 0.441041 -0.000000
vn 0.196337 0.399531 -0.895448
usemtl 
s off
f 97//63 98//63 99//63 100//63
f 101//64 104//64 103//64 102//64
f 97//65 101//65 102//65 98//65
f 98//66 102//66 103//66 99//66
f 99//67 103//67 104//67 100//67
f 101//68 97//68 100//68 104//68
o Cube.001_Cube.012
v -0.249199 -0.889146 -0.059492
v -0.249199 -0.889146 0.390939
v -0.653455 -0.690487 0.390939
v -0.653455 -0.690487 -0.059492
v -0.037776 -0.458914 -0.059492
v -0.037776 -0.458914 0.390939
v -0.442031 -0.260255 0.390939
v -0.442031 -0.260255 -0.059492
vn -0.441041 -0.897487 -0.000000
vn 0.441041 0.897487 0.000000
vn -0.000000 0.000000 1.000000
vn 0.000000 0.000000 -1.000000
usemtl 
s off
f 105//69 106//69 107//69 108//69
f 109//70 112//70 111//70 110//70
f 105//65 109//65 110//65 106//65
f 106//71 110//71 111//71 107//71
f 107//67 111//67 112//67 108//67
f 109//72 105//72 108//72 112//72
o Cube_Cube.011
v -0.752345 -2.922207 -0.557796
v -0.752345 -2.922207 0.751796
v -1.927688 -2.344623 0.751796
v -1.927687 -2.344623 -0.557796
v 0.386815 -0.604098 -0.557796
v 0.386815 -0.604097 0.751797
v -0.788527 -0.026513 0.751796
v -0.788527 -0.026513 -0.557796
usemtl 
s off
f 113//69 114//69 115//69 116//69
f 117//70 120//70 119//70 118//70
f 113//65 117//65 118//65 114//65
f 114//71 118//71 119//71 115//71
f 115//67 119//67 120//67 116//67
f 117//72 113//72 116//72 120//72
