# Blender v2.59 (sub 0) OBJ File: 'zombie.blend'
# www.blender.org
mtllib zombie_000063.mtl
o Cube.015_Cube.026
v -2.299963 -1.208213 1.267786
v -2.331686 -0.720328 1.480019
v -2.724102 -0.698336 1.370809
v -2.692379 -1.186221 1.158576
v -2.201597 -1.060961 0.943985
v -2.233320 -0.573076 1.156218
v -2.625735 -0.551085 1.047008
v -2.594012 -1.038970 0.834775
vn -0.266532 -0.398989 0.877365
vn 0.266532 0.398989 -0.877365
vn 0.961987 -0.053911 0.267722
vn -0.059518 0.915370 0.398191
vn -0.961987 0.053912 -0.267722
vn 0.059518 -0.915370 -0.398191
usemtl 
s off
f 1//1 2//1 3//1 4//1
f 5//2 8//2 7//2 6//2
f 1//3 5//3 6//3 2//3
f 2//4 6//4 7//4 3//4
f 3//5 7//5 8//5 4//5
f 5//6 1//6 4//6 8//6
o Cube.014_Cube.025
v -2.201745 0.027665 1.115745
v -2.371176 -0.014612 0.791250
v -2.058337 -0.142740 0.644599
v -1.888907 -0.100463 0.969094
v -1.852993 1.273356 0.771356
v -2.022424 1.231079 0.446861
v -1.709586 1.102951 0.300209
v -1.540155 1.145228 0.624704
vn -0.260525 -0.930559 0.257267
vn 0.260525 0.930559 -0.257267
vn -0.848954 0.347703 0.397970
vn -0.459787 -0.114726 -0.880587
vn 0.848954 -0.347703 -0.397970
vn 0.459787 0.114726 0.880587
usemtl 
s off
f 9//7 10//7 11//7 12//7
f 13//8 16//8 15//8 14//8
f 9//9 13//9 14//9 10//9
f 10//10 14//10 15//10 11//10
f 11//11 15//11 16//11 12//11
f 13//12 9//12 12//12 16//12
o Cube.013_Cube.024
v -2.506708 -0.628889 1.516939
v -2.522652 -0.804491 1.193364
v -2.161489 -0.874765 1.213705
v -2.145545 -0.699163 1.537280
v -2.247331 0.519969 0.880680
v -2.263275 0.344367 0.557105
v -1.902111 0.274093 0.577446
v -1.886168 0.449695 0.901021
vn -0.193760 -0.858223 0.475300
vn 0.193760 0.858223 -0.475300
vn -0.980094 0.190704 -0.055201
vn -0.043267 -0.476534 -0.878091
vn 0.980094 -0.190704 0.055201
vn 0.043267 0.476534 0.878091
usemtl 
s off
f 17//13 18//13 19//13 20//13
f 21//14 24//14 23//14 22//14
f 17//15 21//15 22//15 18//15
f 18//16 22//16 23//16 19//16
f 19//17 23//17 24//17 20//17
f 21//18 17//18 20//18 24//18
o Cube.011_Cube.022
v 0.666769 -1.050645 0.438465
v 0.635046 -1.433442 0.807979
v 0.242630 -1.340964 0.870093
v 0.274353 -0.958166 0.500580
v 0.765135 -0.807852 0.698431
v 0.733413 -1.190650 1.067945
v 0.340997 -1.098171 1.130059
v 0.372720 -0.715374 0.760545
vn -0.266532 -0.657865 -0.704397
vn 0.266532 0.657865 0.704397
vn 0.961987 -0.226706 -0.152270
vn -0.059518 -0.718205 0.693281
vn -0.961987 0.226706 0.152269
vn 0.059518 0.718205 -0.693281
usemtl 
s off
f 25//19 26//19 27//19 28//19
f 29//20 32//20 31//20 30//20
f 25//21 29//21 30//21 26//21
f 26//22 30//22 31//22 27//22
f 27//23 31//23 32//23 28//23
f 29//24 25//24 28//24 32//24
o Cube.010_Cube.021
v 0.698354 -1.127561 0.251130
v 0.714298 -1.066164 0.614127
v 0.353134 -1.134022 0.641468
v 0.337190 -1.195419 0.278470
v 0.438977 0.169152 0.043197
v 0.454921 0.230549 0.406194
v 0.093758 0.162691 0.433535
v 0.077814 0.101294 0.070538
vn 0.193760 -0.968674 0.155330
vn -0.193760 0.968674 -0.155331
vn 0.980094 0.184147 -0.074195
vn 0.043267 0.166615 0.985072
vn -0.980094 -0.184147 0.074195
vn -0.043267 -0.166615 -0.985072
usemtl 
s off
f 33//25 34//25 35//25 36//25
f 37//26 40//26 39//26 38//26
f 33//27 37//27 38//27 34//27
f 34//28 38//28 39//28 35//28
f 35//29 39//29 40//29 36//29
f 37//30 33//30 36//30 40//30
o Cube.009_Cube.020
v 0.424602 0.191828 -0.015874
v 0.461230 0.238378 0.347832
v 0.133288 0.079030 0.401253
v 0.096661 0.032480 0.037546
v -0.171250 1.386943 -0.108827
v -0.134622 1.433492 0.254879
v -0.462564 1.274144 0.308299
v -0.499191 1.227595 -0.055407
vn 0.445115 -0.892777 0.069438
vn -0.445115 0.892777 -0.069438
vn 0.889940 0.432425 -0.144967
vn 0.099396 0.126323 0.986997
vn -0.889940 -0.432425 0.144967
vn -0.099396 -0.126323 -0.986997
usemtl 
s off
f 41//31 42//31 43//31 44//31
f 45//32 48//32 47//32 46//32
f 41//33 45//33 46//33 42//33
f 42//34 46//34 47//34 43//34
f 43//35 47//35 48//35 44//35
f 45//36 41//36 44//36 48//36
o Cube.008_Cube.019
v -1.146648 -2.706276 -0.331710
v -1.146648 -3.146121 -0.371087
v -1.588252 -3.146121 -0.371087
v -1.588252 -2.706276 -0.331710
v -1.146648 -2.849322 1.266119
v -1.146648 -3.289167 1.226742
v -1.588252 -3.289167 1.226742
v -1.588252 -2.849322 1.266119
vn 0.000000 0.089168 -0.996017
vn 0.000000 -0.089168 0.996017
vn 1.000000 -0.000000 0.000000
vn -0.000000 -0.996017 -0.089168
vn -1.000000 0.000000 -0.000000
vn 0.000000 0.996017 0.089169
usemtl 
s off
f 49//37 50//37 51//37 52//37
f 53//38 56//38 55//38 54//38
f 49//39 53//39 54//39 50//39
f 50//40 54//40 55//40 51//40
f 51//41 55//41 56//41 52//41
f 53//42 49//42 52//42 56//42
o Cube.007_Cube.018
v -1.146648 -2.618892 -0.177811
v -1.146648 -3.013759 0.019912
v -1.588252 -3.013759 0.019912
v -1.588252 -2.618892 -0.177811
v -1.146648 -1.900624 1.256627
v -1.146648 -2.295491 1.454349
v -1.588252 -2.295491 1.454349
v -1.588252 -1.900624 1.256627
vn 0.000000 -0.447737 -0.894165
vn -0.000000 0.447737 0.894165
vn -0.000000 -0.894165 0.447737
vn 0.000000 0.894165 -0.447737
usemtl 
s off
f 57//43 58//43 59//43 60//43
f 61//44 64//44 63//44 62//44
f 57//39 61//39 62//39 58//39
f 58//45 62//45 63//45 59//45
f 59//41 63//41 64//41 60//41
f 61//46 57//46 60//46 64//46
o Cube.006_Cube.017
v -1.146648 -2.268869 0.797433
v -1.146648 -2.111678 1.210114
v -1.588252 -2.111678 1.210114
v -1.588252 -2.268869 0.797433
v -1.146648 -0.769720 0.226405
v -1.146648 -0.612530 0.639085
v -1.588252 -0.612530 0.639085
v -1.588252 -0.769720 0.226404
vn -0.000000 -0.934503 0.355955
vn 0.000000 0.934503 -0.355954
vn -0.000000 0.355954 0.934503
vn 0.000000 -0.355954 -0.934503
usemtl 
s off
f 65//47 66//47 67//47 68//47
f 69//48 72//48 71//48 70//48
f 65//39 69//39 70//39 66//39
f 66//49 70//49 71//49 67//49
f 67//41 71//41 72//41 68//41
f 69//50 65//50 68//50 72//50
o Cube.005_Cube.016
v -0.427949 -2.735415 -2.325103
v -0.427949 -2.660175 -1.903250
v -0.990725 -2.660175 -1.903250
v -0.990725 -2.735416 -2.325103
v -0.427949 -1.499189 -2.545592
v -0.427950 -1.423949 -2.123739
v -0.990725 -1.423949 -2.123739
v -0.990725 -1.499189 -2.545593
vn 0.000000 -0.984464 0.175586
vn 0.000000 0.984464 -0.175586
vn -0.000000 0.175586 0.984464
vn 0.000000 -0.175586 -0.984464
usemtl 
s off
f 73//51 74//51 75//51 76//51
f 77//52 80//52 79//52 78//52
f 73//39 77//39 78//39 74//39
f 74//53 78//53 79//53 75//53
f 75//41 79//41 80//41 76//41
f 77//54 73//54 76//54 80//54
o Cube.004_Cube.015
v -0.448197 -1.607497 -2.052690
v -0.448197 -2.081008 -2.104697
v -0.970478 -2.081008 -2.104697
v -0.970478 -1.607497 -2.052690
v -0.448197 -1.859457 0.241329
v -0.448197 -2.332968 0.189322
v -0.970478 -2.332967 0.189322
v -0.970478 -1.859457 0.241329
vn 0.000000 0.109177 -0.994022
vn 0.000000 -0.109177 0.994022
vn -0.000000 -0.994022 -0.109177
vn 0.000000 0.994022 0.109177
usemtl 
s off
f 81//55 82//55 83//55 84//55
f 85//56 88//56 87//56 86//56
f 81//39 85//39 86//39 82//39
f 82//57 86//57 87//57 83//57
f 83//41 87//41 88//41 84//41
f 85//58 81//58 84//58 88//58
o Cube.003_Cube.014
v -0.307735 -2.052731 -0.353113
v -0.307735 -2.070385 0.075034
v -0.870511 -2.070385 0.075034
v -0.870511 -2.052731 -0.353113
v -0.307735 -0.798061 -0.301376
v -0.307735 -0.815716 0.126771
v -0.870511 -0.815716 0.126771
v -0.870511 -0.798061 -0.301376
vn 0.000000 -0.999151 -0.041201
vn -0.000000 0.999151 0.041201
vn -0.000000 -0.041201 0.999151
vn 0.000000 0.041201 -0.999151
usemtl 
s off
f 89//59 90//59 91//59 92//59
f 93//60 96//60 95//60 94//60
f 89//39 93//39 94//39 90//39
f 90//61 94//61 95//61 91//61
f 91//41 95//41 96//41 92//41
f 93//62 89//62 92//62 96//62
o Cube.002_Cube.013
v -0.269446 2.254495 -0.353433
v -0.269446 1.614038 0.934840
v -1.708137 1.614038 0.934840
v -1.708137 2.254495 -0.353433
v -0.269445 3.542768 0.287025
v -0.269446 2.902310 1.575298
v -1.708137 2.902311 1.575297
v -1.708136 3.542768 0.287024
vn -0.000000 -0.895448 -0.445167
vn 0.000000 0.895448 0.445167
vn -0.000000 -0.445167 0.895448
vn 0.000000 0.445167 -0.895448
usemtl 
s off
f 97//63 98//63 99//63 100//63
f 101//64 104//64 103//64 102//64
f 97//39 101//39 102//39 98//39
f 98//65 102//65 103//65 99//65
f 99//41 103//41 104//41 100//41
f 101//66 97//66 100//66 104//66
o Cube.001_Cube.012
v -0.763576 1.731573 -0.059492
v -0.763576 1.731573 0.390939
v -1.214007 1.731573 0.390939
v -1.214006 1.731573 -0.059492
v -0.763576 2.210947 -0.059492
v -0.763576 2.210947 0.390939
v -1.214007 2.210947 0.390939
v -1.214006 2.210947 -0.059492
vn 0.000000 -1.000000 0.000000
vn 0.000000 1.000000 0.000000
vn -0.000000 0.000000 1.000000
vn 0.000000 0.000000 -1.000000
usemtl 
s off
f 105//67 106//67 107//67 108//67
f 109//68 112//68 111//68 110//68
f 105//39 109//39 110//39 106//39
f 106//69 110//69 111//69 107//69
f 107//41 111//41 112//41 108//41
f 109//70 105//70 108//70 112//70
o Cube_Cube.011
v -0.333995 -0.868205 -0.557796
v -0.333995 -0.868205 0.751796
v -1.643587 -0.868205 0.751796
v -1.643587 -0.868205 -0.557796
v -0.333995 1.714684 -0.557796
v -0.333995 1.714684 0.751797
v -1.643588 1.714684 0.751796
v -1.643587 1.714684 -0.557796
usemtl 
s off
f 113//67 114//67 115//67 116//67
f 117//68 120//68 119//68 118//68
f 113//39 117//39 118//39 114//39
f 114//69 118//69 119//69 115//69
f 115//41 119//41 120//41 116//41
f 117//70 113//70 116//70 120//70
