# Blender v2.59 (sub 0) OBJ File: 'zombie.blend'
# www.blender.org
mtllib zombie_000020.mtl
o Cube.015_Cube.026
v -2.299963 0.200377 1.873283
v -2.331686 0.626222 2.192235
v -2.724102 0.672789 2.091032
v -2.692379 0.246944 1.772081
v -2.201597 0.418284 1.592131
v -2.233320 0.844129 1.911082
v -2.625735 0.890696 1.809879
v -2.594012 0.464850 1.490928
vn -0.266532 -0.590435 0.761806
vn 0.266532 0.590435 -0.761805
vn 0.961987 -0.114156 0.248092
vn -0.059518 0.798971 0.598416
vn -0.961987 0.114156 -0.248093
vn 0.059518 -0.798971 -0.598417
usemtl 
s off
f 1//1 2//1 3//1 4//1
f 5//2 8//2 7//2 6//2
f 1//3 5//3 6//3 2//3
f 2//4 6//4 7//4 3//4
f 3//5 7//5 8//5 4//5
f 5//6 1//6 4//6 8//6
o Cube.014_Cube.025
v -2.201880 1.558789 0.893880
v -2.371222 1.404786 0.605094
v -2.058348 1.233192 0.513135
v -1.889006 1.387196 0.801921
v -1.852983 2.603025 0.132420
v -2.022324 2.449021 -0.156366
v -1.709450 2.277428 -0.248325
v -1.540109 2.431431 0.040461
vn -0.260634 -0.780067 0.568828
vn 0.260634 0.780067 -0.568828
vn -0.849051 0.465657 0.249552
vn -0.459546 -0.417922 -0.783683
vn 0.849051 -0.465657 -0.249552
vn 0.459546 0.417922 0.783683
usemtl 
s off
f 9//7 10//7 11//7 12//7
f 13//8 16//8 15//8 14//8
f 9//9 13//9 14//9 10//9
f 10//10 14//10 15//10 11//10
f 11//11 15//11 16//11 12//11
f 13//12 9//12 12//12 16//12
o Cube.013_Cube.024
v -2.506266 0.709428 1.747111
v -2.522130 0.442201 1.493873
v -2.160908 0.381938 1.534835
v -2.145043 0.649164 1.788073
v -2.247911 1.604796 0.786098
v -2.263776 1.337569 0.532860
v -1.902554 1.277306 0.573822
v -1.886689 1.544533 0.827060
vn -0.192997 -0.668860 0.717898
vn 0.192997 0.668860 -0.717899
vn -0.980254 0.163537 -0.111161
vn -0.043052 -0.725177 -0.687215
vn 0.980254 -0.163538 0.111161
vn 0.043052 0.725177 0.687215
usemtl 
s off
f 17//13 18//13 19//13 20//13
f 21//14 24//14 23//14 22//14
f 17//15 21//15 22//15 18//15
f 18//16 22//16 23//16 19//16
f 19//17 23//17 24//17 20//17
f 21//18 17//18 20//18 24//18
o Cube.011_Cube.022
v 0.666769 0.339519 -2.287028
v 0.635046 0.083925 -1.820395
v 0.242630 0.190691 -1.788592
v 0.274353 0.446285 -2.255224
v 0.765135 0.648636 -2.111024
v 0.733413 0.393041 -1.644392
v 0.340997 0.499807 -1.612589
v 0.372720 0.755402 -2.079221
vn -0.266532 -0.837575 -0.476896
vn 0.266532 0.837575 0.476896
vn 0.961987 -0.261731 -0.077964
vn -0.059518 -0.479547 0.875495
vn -0.961987 0.261731 0.077964
vn 0.059518 0.479548 -0.875495
usemtl 
s off
f 25//19 26//19 27//19 28//19
f 29//20 32//20 31//20 30//20
f 25//21 29//21 30//21 26//21
f 26//22 30//22 31//22 27//22
f 27//23 31//23 32//23 28//23
f 29//24 25//24 28//24 32//24
o Cube.010_Cube.021
v 0.698510 0.697900 -2.006080
v 0.714513 0.477567 -1.711142
v 0.353374 0.410829 -1.741403
v 0.337371 0.631162 -2.036340
v 0.438737 1.743152 -1.211130
v 0.454741 1.522819 -0.916192
v 0.093602 1.456081 -0.946453
v 0.077598 1.676414 -1.241391
vn 0.194056 -0.780827 -0.593845
vn -0.194056 0.780827 0.593845
vn 0.980029 0.181109 0.082119
vn 0.043430 -0.597921 0.800378
vn -0.980029 -0.181109 -0.082119
vn -0.043430 0.597921 -0.800377
usemtl 
s off
f 33//25 34//25 35//25 36//25
f 37//26 40//26 39//26 38//26
f 33//27 37//27 38//27 34//27
f 34//28 38//28 39//28 35//28
f 35//29 39//29 40//29 36//29
f 37//30 33//30 36//30 40//30
o Cube.009_Cube.020
v 0.424610 1.794339 -1.148232
v 0.461172 1.521040 -0.903769
v 0.133215 1.386783 -1.004813
v 0.096652 1.660082 -1.249275
v -0.171176 2.548280 -0.216250
v -0.134614 2.274981 0.028213
v -0.462571 2.140724 -0.072831
v -0.499134 2.414023 -0.317293
vn 0.445065 -0.563211 -0.696212
vn -0.445066 0.563211 0.696212
vn 0.889984 0.364336 0.274203
vn 0.099220 -0.741656 0.663402
vn -0.889984 -0.364336 -0.274203
vn -0.099220 0.741656 -0.663402
usemtl 
s off
f 41//31 42//31 43//31 44//31
f 45//32 48//32 47//32 46//32
f 41//33 45//33 46//33 42//33
f 42//34 46//34 47//34 43//34
f 43//35 47//35 48//35 44//35
f 45//36 41//36 44//36 48//36
o Cube.008_Cube.019
v -1.146648 -2.974245 -0.418425
v -1.146648 -3.414590 -0.385100
v -1.588252 -3.414590 -0.385100
v -1.588252 -2.974245 -0.418425
v -1.146648 -2.853184 1.181220
v -1.146648 -3.293529 1.214545
v -1.588252 -3.293528 1.214545
v -1.588252 -2.853184 1.181220
vn 0.000000 -0.075464 -0.997149
vn 0.000000 0.075464 0.997149
vn 1.000000 -0.000000 0.000000
vn -0.000000 -0.997149 0.075464
vn -1.000000 0.000000 -0.000000
vn 0.000000 0.997149 -0.075464
usemtl 
s off
f 49//37 50//37 51//37 52//37
f 53//38 56//38 55//38 54//38
f 49//39 53//39 54//39 50//39
f 50//40 54//40 55//40 51//40
f 51//41 55//41 56//41 52//41
f 53//42 49//42 52//42 56//42
o Cube.007_Cube.018
v -1.146648 -3.009361 -0.185209
v -1.146648 -2.988733 0.255913
v -1.588252 -2.988733 0.255913
v -1.588252 -3.009361 -0.185209
v -1.146648 -1.406893 -0.260144
v -1.146648 -1.386265 0.180978
v -1.588252 -1.386265 0.180977
v -1.588252 -1.406893 -0.260145
vn -0.000000 -0.998908 0.046712
vn 0.000000 0.998908 -0.046711
vn -0.000000 0.046712 0.998908
vn 0.000000 -0.046712 -0.998908
usemtl 
s off
f 57//43 58//43 59//43 60//43
f 61//44 64//44 63//44 62//44
f 57//39 61//39 62//39 58//39
f 58//45 62//45 63//45 59//45
f 59//41 63//41 64//41 60//41
f 61//46 57//46 60//46 64//46
o Cube.006_Cube.017
v -1.146648 -1.396681 -0.183145
v -1.146648 -1.351563 0.256148
v -1.588252 -1.351563 0.256148
v -1.588252 -1.396681 -0.183145
v -1.146648 0.199144 -0.347045
v -1.146648 0.244262 0.092249
v -1.588252 0.244262 0.092248
v -1.588252 0.199144 -0.347045
vn -0.000000 -0.994767 0.102168
vn 0.000000 0.994767 -0.102168
vn -0.000000 0.102168 0.994767
vn 0.000000 -0.102168 -0.994767
usemtl 
s off
f 65//47 66//47 67//47 68//47
f 69//48 72//48 71//48 70//48
f 65//39 69//39 70//39 66//39
f 66//49 70//49 71//49 67//49
f 67//41 71//41 72//41 68//41
f 69//50 65//50 68//50 72//50
o Cube.005_Cube.016
v -0.427949 -2.245890 -2.328961
v -0.427949 -2.182065 -1.905230
v -0.990725 -2.182065 -1.905230
v -0.990725 -2.245890 -2.328961
v -0.427949 -1.004161 -2.515996
v -0.427950 -0.940337 -2.092265
v -0.990725 -0.940337 -2.092266
v -0.990725 -1.004161 -2.515997
vn 0.000000 -0.988846 0.148945
vn -0.000000 0.988846 -0.148945
vn -0.000000 0.148945 0.988845
vn 0.000000 -0.148945 -0.988846
usemtl 
s off
f 73//51 74//51 75//51 76//51
f 77//52 80//52 79//52 78//52
f 73//39 77//39 78//39 74//39
f 74//53 78//53 79//53 75//53
f 75//41 79//41 80//41 76//41
f 77//54 73//54 76//54 80//54
o Cube.004_Cube.015
v -0.448197 -1.140196 -2.160601
v -0.448197 -1.611209 -2.089438
v -0.970478 -1.611209 -2.089438
v -0.970478 -1.140196 -2.160601
v -0.448197 -0.795435 0.121317
v -0.448197 -1.266448 0.192479
v -0.970478 -1.266448 0.192479
v -0.970478 -0.795435 0.121317
vn 0.000000 -0.149388 -0.988779
vn 0.000000 0.149388 0.988779
vn -0.000000 -0.988779 0.149388
vn 0.000000 0.988779 -0.149388
usemtl 
s off
f 81//55 82//55 83//55 84//55
f 85//56 88//56 87//56 86//56
f 81//39 85//39 86//39 82//39
f 82//57 86//57 87//57 83//57
f 83//41 87//41 88//41 84//41
f 85//58 81//58 84//58 88//58
o Cube.003_Cube.014
v -0.427949 -1.028343 -0.131889
v -0.427949 -0.942944 0.288026
v -0.990725 -0.942944 0.288026
v -0.990725 -1.028343 -0.131889
v -0.427949 0.202202 -0.382148
v -0.427950 0.287601 0.037767
v -0.990725 0.287601 0.037767
v -0.990725 0.202202 -0.382148
vn -0.000000 -0.979940 0.199293
vn -0.000000 0.979940 -0.199293
vn -0.000000 0.199293 0.979940
vn 0.000000 -0.199293 -0.979940
usemtl 
s off
f 89//59 90//59 91//59 92//59
f 93//60 96//60 95//60 94//60
f 89//39 93//39 94//39 90//39
f 90//61 94//61 95//61 91//61
f 91//41 95//41 96//41 92//41
f 93//62 89//62 92//62 96//62
o Cube.002_Cube.013
v -0.269446 3.147507 -0.735888
v -0.269446 3.147507 0.702803
v -1.708137 3.147507 0.702802
v -1.708137 3.147507 -0.735889
v -0.269445 4.586198 -0.735888
v -0.269446 4.586198 0.702803
v -1.708137 4.586198 0.702802
v -1.708136 4.586198 -0.735889
vn 0.000000 -1.000000 0.000000
vn 0.000000 1.000000 0.000000
vn -0.000000 0.000000 1.000000
vn 0.000000 0.000000 -1.000000
usemtl 
s off
f 97//63 98//63 99//63 100//63
f 101//64 104//64 103//64 102//64
f 97//39 101//39 102//39 98//39
f 98//65 102//65 103//65 99//65
f 99//41 103//41 104//41 100//41
f 101//66 97//66 100//66 104//66
o Cube.001_Cube.012
v -0.763576 2.733761 -0.447929
v -0.763576 2.733761 0.002502
v -1.214007 2.733761 0.002502
v -1.214006 2.733761 -0.447929
v -0.763576 3.213135 -0.447929
v -0.763576 3.213135 0.002502
v -1.214007 3.213135 0.002502
v -1.214006 3.213135 -0.447929
usemtl 
s off
f 105//63 106//63 107//63 108//63
f 109//64 112//64 111//64 110//64
f 105//39 109//39 110//39 106//39
f 106//65 110//65 111//65 107//65
f 107//41 111//41 112//41 108//41
f 109//66 105//66 108//66 112//66
o Cube_Cube.011
v -0.333995 0.170086 -0.946233
v -0.333995 0.170086 0.363359
v -1.643587 0.170086 0.363359
v -1.643587 0.170086 -0.946233
v -0.333995 2.752975 -0.946233
v -0.333995 2.752975 0.363360
v -1.643588 2.752975 0.363359
v -1.643587 2.752975 -0.946233
usemtl 
s off
f 113//63 114//63 115//63 116//63
f 117//64 120//64 119//64 118//64
f 113//39 117//39 118//39 114//39
f 114//65 118//65 119//65 115//65
f 115//41 119//41 120//41 116//41
f 117//66 113//66 116//66 120//66
