# Blender v2.59 (sub 0) OBJ File: 'zombie.blend'
# www.blender.org
mtllib zombie_000026.mtl
o Cube.015_Cube.026
v -2.299963 -0.328527 1.514726
v -2.331686 0.097319 1.833678
v -2.724102 0.143885 1.732475
v -2.692379 -0.281960 1.413524
v -2.201597 -0.110620 1.233573
v -2.233320 0.315225 1.552525
v -2.625735 0.361792 1.451322
v -2.594012 -0.064054 1.132371
vn -0.266532 -0.590435 0.761806
vn 0.266532 0.590435 -0.761805
vn 0.961987 -0.114156 0.248092
vn -0.059518 0.798971 0.598416
vn -0.961987 0.114156 -0.248093
vn 0.059518 -0.798971 -0.598417
usemtl 
s off
f 1//1 2//1 3//1 4//1
f 5//2 8//2 7//2 6//2
f 1//3 5//3 6//3 2//3
f 2//4 6//4 7//4 3//4
f 3//5 7//5 8//5 4//5
f 5//6 1//6 4//6 8//6
o Cube.014_Cube.025
v -2.201744 1.202914 0.671740
v -2.371176 1.123768 0.354218
v -2.058337 0.979695 0.223198
v -1.888906 1.058840 0.540720
v -1.852993 2.400991 0.187011
v -2.022424 2.321846 -0.130511
v -1.709586 2.177772 -0.261530
v -1.540155 2.256917 0.055991
vn -0.260525 -0.894991 0.362103
vn 0.260525 0.894991 -0.362103
vn -0.848953 0.390976 0.355550
vn -0.459787 -0.214779 -0.861664
vn 0.848954 -0.390976 -0.355550
vn 0.459787 0.214779 0.861664
usemtl 
s off
f 9//7 10//7 11//7 12//7
f 13//8 16//8 15//8 14//8
f 9//9 13//9 14//9 10//9
f 10//10 14//10 15//10 11//10
f 11//11 15//11 16//11 12//11
f 13//12 9//12 12//12 16//12
o Cube.013_Cube.024
v -2.506708 0.162123 1.437071
v -2.522652 -0.017948 1.115962
v -2.161488 -0.087933 1.137275
v -2.145545 0.092137 1.458385
v -2.247331 1.302051 0.784948
v -2.263275 1.121980 0.463838
v -1.902111 1.051995 0.485152
v -1.886168 1.232066 0.806261
vn -0.193760 -0.851552 0.487151
vn 0.193760 0.851552 -0.487151
vn -0.980094 0.189920 -0.057839
vn -0.043267 -0.488661 -0.871400
vn 0.980094 -0.189920 0.057839
vn 0.043267 0.488661 0.871400
usemtl 
s off
f 17//13 18//13 19//13 20//13
f 21//14 24//14 23//14 22//14
f 17//15 21//15 22//15 18//15
f 18//16 22//16 23//16 19//16
f 19//17 23//17 24//17 20//17
f 21//18 17//18 20//18 24//18
o Cube.011_Cube.022
v 0.666769 -0.103187 -2.073251
v 0.635046 -0.358782 -1.606619
v 0.242630 -0.252016 -1.574816
v 0.274353 0.003579 -2.041448
v 0.765135 0.205930 -1.897248
v 0.733413 -0.049665 -1.430615
v 0.340997 0.057101 -1.398813
v 0.372720 0.312696 -1.865445
vn -0.266532 -0.837575 -0.476896
vn 0.266532 0.837575 0.476896
vn 0.961987 -0.261731 -0.077964
vn -0.059518 -0.479547 0.875495
vn -0.961987 0.261731 0.077964
vn 0.059518 0.479547 -0.875495
usemtl 
s off
f 25//19 26//19 27//19 28//19
f 29//20 32//20 31//20 30//20
f 25//21 29//21 30//21 26//21
f 26//22 30//22 31//22 27//22
f 27//23 31//23 32//23 28//23
f 29//24 25//24 28//24 32//24
o Cube.010_Cube.021
v 0.698354 0.211262 -1.729183
v 0.714298 0.059911 -1.393579
v 0.353134 -0.011668 -1.408701
v 0.337190 0.139683 -1.744305
v 0.438977 1.403767 -1.179062
v 0.454921 1.252416 -0.843459
v 0.093758 1.180838 -0.858581
v 0.077814 1.332189 -1.194185
vn 0.193760 -0.890829 -0.410952
vn -0.193760 0.890828 0.410952
vn 0.980094 0.194244 0.041038
vn 0.043267 -0.410723 0.910733
vn -0.980094 -0.194244 -0.041038
vn -0.043267 0.410723 -0.910733
usemtl 
s off
f 33//25 34//25 35//25 36//25
f 37//26 40//26 39//26 38//26
f 33//27 37//27 38//27 34//27
f 34//28 38//28 39//28 35//28
f 35//29 39//29 40//29 36//29
f 37//30 33//30 36//30 40//30
o Cube.009_Cube.020
v 0.424602 1.579371 -1.121733
v 0.461230 1.309459 -0.873545
v 0.133288 1.173771 -0.972713
v 0.096661 1.443683 -1.220901
v -0.171250 2.345929 -0.200144
v -0.134622 2.076017 0.048044
v -0.462564 1.940329 -0.051123
v -0.499191 2.210241 -0.299311
vn 0.445115 -0.572636 -0.688448
vn -0.445115 0.572636 0.688448
vn 0.889940 0.368219 0.269112
vn 0.099396 -0.732463 0.673511
vn -0.889940 -0.368219 -0.269112
vn -0.099396 0.732463 -0.673512
usemtl 
s off
f 41//31 42//31 43//31 44//31
f 45//32 48//32 47//32 46//32
f 41//33 45//33 46//33 42//33
f 42//34 46//34 47//34 43//34
f 43//35 47//35 48//35 44//35
f 45//36 41//36 44//36 48//36
o Cube.008_Cube.019
v -1.146648 -2.038728 -2.376796
v -1.146648 -2.321623 -2.715890
v -1.588252 -2.321623 -2.715890
v -1.588252 -2.038728 -2.376796
v -1.146648 -3.270556 -1.349120
v -1.146648 -3.553451 -1.688213
v -1.588252 -3.553451 -1.688213
v -1.588252 -3.270556 -1.349120
vn 0.000000 0.767868 -0.640609
vn 0.000000 -0.767868 0.640609
vn 1.000000 -0.000000 -0.000000
vn -0.000000 -0.640609 -0.767867
vn -1.000000 0.000000 0.000000
vn 0.000000 0.640609 0.767868
usemtl 
s off
f 49//37 50//37 51//37 52//37
f 53//38 56//38 55//38 54//38
f 49//39 53//39 54//39 50//39
f 50//40 54//40 55//40 51//40
f 51//41 55//41 56//41 52//41
f 53//42 49//42 52//42 56//42
o Cube.007_Cube.018
v -1.146648 -2.244755 -2.348692
v -1.146648 -2.559695 -2.039134
v -1.588252 -2.559695 -2.039134
v -1.588252 -2.244755 -2.348693
v -1.146648 -1.120217 -1.204605
v -1.146648 -1.435158 -0.895047
v -1.588252 -1.435158 -0.895047
v -1.588252 -1.120217 -1.204606
vn 0.000000 -0.700987 -0.713174
vn 0.000000 0.700987 0.713174
vn -0.000000 -0.713174 0.700988
vn 0.000000 0.713174 -0.700987
usemtl 
s off
f 57//43 58//43 59//43 60//43
f 61//44 64//44 63//44 62//44
f 57//39 61//39 62//39 58//39
f 58//45 62//45 63//45 59//45
f 59//41 63//41 64//41 60//41
f 61//46 57//46 60//46 64//46
o Cube.006_Cube.017
v -1.146648 -1.216494 -1.187407
v -1.146648 -1.398143 -0.784893
v -1.588252 -1.398143 -0.784893
v -1.588252 -1.216494 -1.187407
v -1.146648 0.245724 -0.527528
v -1.146648 0.064075 -0.125014
v -1.588252 0.064075 -0.125014
v -1.588252 0.245724 -0.527529
vn 0.000000 -0.911482 -0.411339
vn -0.000000 0.911482 0.411339
vn -0.000000 -0.411339 0.911482
vn 0.000000 0.411339 -0.911482
usemtl 
s off
f 65//47 66//47 67//47 68//47
f 69//48 72//48 71//48 70//48
f 65//39 69//39 70//39 66//39
f 66//49 70//49 71//49 67//49
f 67//41 71//41 72//41 68//41
f 69//50 65//50 68//50 72//50
o Cube.005_Cube.016
v -0.427949 -2.398528 2.314089
v -0.427949 -2.096653 2.009962
v -0.990725 -2.096653 2.009962
v -0.990725 -2.398528 2.314089
v -0.427949 -3.289760 1.429455
v -0.427950 -2.987885 1.125329
v -0.990725 -2.987885 1.125329
v -0.990725 -3.289760 1.429456
vn 0.000000 0.709729 0.704474
vn -0.000000 -0.709729 -0.704475
vn -0.000000 0.704475 -0.709729
vn 0.000000 -0.704475 0.709729
usemtl 
s off
f 73//51 74//51 75//51 76//51
f 77//52 80//52 79//52 78//52
f 73//39 77//39 78//39 74//39
f 74//53 78//53 79//53 75//53
f 75//41 79//41 80//41 76//41
f 77//54 73//54 76//54 80//54
o Cube.004_Cube.015
v -0.448197 -2.972635 1.460133
v -0.448197 -2.726911 1.868223
v -0.970478 -2.726911 1.868223
v -0.970478 -2.972635 1.460133
v -0.448197 -0.995563 0.269674
v -0.448197 -0.749839 0.677764
v -0.970478 -0.749839 0.677763
v -0.970478 -0.995563 0.269674
vn -0.000000 -0.856686 0.515838
vn -0.000000 0.856686 -0.515838
vn -0.000000 0.515838 0.856686
vn 0.000000 -0.515838 -0.856686
usemtl 
s off
f 81//55 82//55 83//55 84//55
f 85//56 88//56 87//56 86//56
f 81//39 85//39 86//39 82//39
f 82//57 86//57 87//57 83//57
f 83//41 87//41 88//41 84//41
f 85//58 81//58 84//58 88//58
o Cube.003_Cube.014
v -0.427949 -1.030919 0.191494
v -0.427949 -0.855441 0.582428
v -0.990725 -0.855441 0.582428
v -0.990725 -1.030919 0.191494
v -0.427949 0.114699 -0.322736
v -0.427950 0.290176 0.068198
v -0.990725 0.290176 0.068198
v -0.990725 0.114699 -0.322736
vn -0.000000 -0.912308 0.409505
vn -0.000000 0.912308 -0.409505
vn -0.000000 0.409505 0.912308
vn 0.000000 -0.409505 -0.912308
usemtl 
s off
f 89//59 90//59 91//59 92//59
f 93//60 96//60 95//60 94//60
f 89//39 93//39 94//39 90//39
f 90//61 94//61 95//61 91//61
f 91//41 95//41 96//41 92//41
f 93//62 89//62 92//62 96//62
o Cube.002_Cube.013
v -0.269446 2.929781 -0.735888
v -0.269446 2.929781 0.702803
v -1.708137 2.929781 0.702802
v -1.708137 2.929781 -0.735889
v -0.269445 4.368472 -0.735888
v -0.269446 4.368472 0.702803
v -1.708137 4.368472 0.702802
v -1.708136 4.368472 -0.735889
vn 0.000000 -1.000000 0.000000
vn 0.000000 1.000000 0.000000
vn -0.000000 0.000000 1.000000
vn 0.000000 0.000000 -1.000000
usemtl 
s off
f 97//63 98//63 99//63 100//63
f 101//64 104//64 103//64 102//64
f 97//39 101//39 102//39 98//39
f 98//65 102//65 103//65 99//65
f 99//41 103//41 104//41 100//41
f 101//66 97//66 100//66 104//66
o Cube.001_Cube.012
v -0.763576 2.516035 -0.447929
v -0.763576 2.516035 0.002502
v -1.214007 2.516035 0.002502
v -1.214006 2.516035 -0.447929
v -0.763576 2.995409 -0.447929
v -0.763576 2.995409 0.002502
v -1.214007 2.995409 0.002502
v -1.214006 2.995409 -0.447929
usemtl 
s off
f 105//63 106//63 107//63 108//63
f 109//64 112//64 111//64 110//64
f 105//39 109//39 110//39 106//39
f 106//65 110//65 111//65 107//65
f 107//41 111//41 112//41 108//41
f 109//66 105//66 108//66 112//66
o Cube_Cube.011
v -0.333995 -0.047640 -0.946233
v -0.333995 -0.047640 0.363359
v -1.643587 -0.047640 0.363359
v -1.643587 -0.047640 -0.946233
v -0.333995 2.535250 -0.946233
v -0.333995 2.535250 0.363360
v -1.643588 2.535250 0.363359
v -1.643587 2.535250 -0.946233
usemtl 
s off
f 113//63 114//63 115//63 116//63
f 117//64 120//64 119//64 118//64
f 113//39 117//39 118//39 114//39
f 114//65 118//65 119//65 115//65
f 115//41 119//41 120//41 116//41
f 117//66 113//66 116//66 120//66
