# Blender v2.59 (sub 0) OBJ File: 'zombie.blend'
# www.blender.org
mtllib zombie_000052.mtl
o Cube.015_Cube.026
v -2.299963 -0.450388 0.911218
v -2.331686 0.037497 1.123451
v -2.724102 0.059489 1.014241
v -2.692379 -0.428396 0.802008
v -2.201597 -0.303136 0.587417
v -2.233320 0.184749 0.799649
v -2.625735 0.206740 0.690439
v -2.594012 -0.281145 0.478207
vn -0.266532 -0.398989 0.877365
vn 0.266532 0.398989 -0.877365
vn 0.961987 -0.053911 0.267722
vn -0.059518 0.915370 0.398191
vn -0.961987 0.053912 -0.267722
vn 0.059518 -0.915370 -0.398191
usemtl 
s off
f 1//1 2//1 3//1 4//1
f 5//2 8//2 7//2 6//2
f 1//3 5//3 6//3 2//3
f 2//4 6//4 7//4 3//4
f 3//5 7//5 8//5 4//5
f 5//6 1//6 4//6 8//6
o Cube.014_Cube.025
v -2.201745 1.048435 0.751807
v -2.371176 1.006159 0.427313
v -2.058337 0.878031 0.280661
v -1.888907 0.920307 0.605156
v -1.852993 2.294127 0.407418
v -2.022424 2.251850 0.082923
v -1.709586 2.123722 -0.063729
v -1.540155 2.165998 0.260766
vn -0.260525 -0.930559 0.257267
vn 0.260525 0.930559 -0.257267
vn -0.848954 0.347703 0.397970
vn -0.459787 -0.114726 -0.880587
vn 0.848954 -0.347703 -0.397970
vn 0.459787 0.114726 0.880587
usemtl 
s off
f 9//7 10//7 11//7 12//7
f 13//8 16//8 15//8 14//8
f 9//9 13//9 14//9 10//9
f 10//10 14//10 15//10 11//10
f 11//11 15//11 16//11 12//11
f 13//12 9//12 12//12 16//12
o Cube.013_Cube.024
v -2.506708 0.334475 1.155497
v -2.522652 0.158873 0.831922
v -2.161489 0.088599 0.852263
v -2.145545 0.264201 1.175838
v -2.247331 1.483333 0.519238
v -2.263275 1.307731 0.195663
v -1.902111 1.237457 0.216004
v -1.886168 1.413059 0.539579
vn -0.193760 -0.858223 0.475300
vn 0.193760 0.858223 -0.475300
vn -0.980094 0.190704 -0.055201
vn -0.043267 -0.476534 -0.878091
vn 0.980094 -0.190704 0.055201
vn 0.043267 0.476534 0.878091
usemtl 
s off
f 17//13 18//13 19//13 20//13
f 21//14 24//14 23//14 22//14
f 17//15 21//15 22//15 18//15
f 18//16 22//16 23//16 19//16
f 19//17 23//17 24//17 20//17
f 21//18 17//18 20//18 24//18
o Cube.011_Cube.022
v 0.666769 -0.384284 0.081703
v 0.635046 -0.767081 0.451217
v 0.242630 -0.674603 0.513331
v 0.274353 -0.291805 0.143817
v 0.765135 -0.141491 0.341669
v 0.733413 -0.524289 0.711182
v 0.340997 -0.431810 0.773296
v 0.372720 -0.049013 0.403783
vn -0.266532 -0.657865 -0.704397
vn 0.266532 0.657865 0.704397
vn 0.961987 -0.226706 -0.152270
vn -0.059518 -0.718205 0.693281
vn -0.961987 0.226706 0.152269
vn 0.059518 0.718205 -0.693281
usemtl 
s off
f 25//19 26//19 27//19 28//19
f 29//20 32//20 31//20 30//20
f 25//21 29//21 30//21 26//21
f 26//22 30//22 31//22 27//22
f 27//23 31//23 32//23 28//23
f 29//24 25//24 28//24 32//24
o Cube.010_Cube.021
v 0.698354 -0.355460 -0.107734
v 0.714298 -0.294063 0.255264
v 0.353134 -0.361921 0.282604
v 0.337190 -0.423318 -0.080393
v 0.438977 0.941254 -0.315667
v 0.454921 1.002651 0.047331
v 0.093758 0.934793 0.074671
v 0.077814 0.873396 -0.288326
vn 0.193760 -0.968674 0.155331
vn -0.193760 0.968674 -0.155330
vn 0.980094 0.184147 -0.074195
vn 0.043267 0.166615 0.985072
vn -0.980094 -0.184147 0.074195
vn -0.043267 -0.166615 -0.985072
usemtl 
s off
f 33//25 34//25 35//25 36//25
f 37//26 40//26 39//26 38//26
f 33//27 37//27 38//27 34//27
f 34//28 38//28 39//28 35//28
f 35//29 39//29 40//29 36//29
f 37//30 33//30 36//30 40//30
o Cube.009_Cube.020
v 0.424602 1.065515 -0.378977
v 0.461230 1.112065 -0.015270
v 0.133288 0.952717 0.038150
v 0.096661 0.906167 -0.325557
v -0.171250 2.260630 -0.471930
v -0.134622 2.307179 -0.108223
v -0.462564 2.147831 -0.054803
v -0.499191 2.101282 -0.418510
vn 0.445115 -0.892777 0.069438
vn -0.445115 0.892777 -0.069438
vn 0.889940 0.432425 -0.144967
vn 0.099396 0.126323 0.986997
vn -0.889940 -0.432425 0.144967
vn -0.099396 -0.126323 -0.986997
usemtl 
s off
f 41//31 42//31 43//31 44//31
f 45//32 48//32 47//32 46//32
f 41//33 45//33 46//33 42//33
f 42//34 46//34 47//34 43//34
f 43//35 47//35 48//35 44//35
f 45//36 41//36 44//36 48//36
o Cube.008_Cube.019
v -1.146648 -2.706276 -0.331710
v -1.146648 -3.146121 -0.371087
v -1.588252 -3.146121 -0.371087
v -1.588252 -2.706276 -0.331710
v -1.146648 -2.849322 1.266119
v -1.146648 -3.289167 1.226742
v -1.588252 -3.289167 1.226742
v -1.588252 -2.849322 1.266119
vn 0.000000 0.089168 -0.996017
vn 0.000000 -0.089168 0.996017
vn 1.000000 -0.000000 0.000000
vn -0.000000 -0.996017 -0.089168
vn -1.000000 0.000000 -0.000000
vn 0.000000 0.996017 0.089169
usemtl 
s off
f 49//37 50//37 51//37 52//37
f 53//38 56//38 55//38 54//38
f 49//39 53//39 54//39 50//39
f 50//40 54//40 55//40 51//40
f 51//41 55//41 56//41 52//41
f 53//42 49//42 52//42 56//42
o Cube.007_Cube.018
v -1.146648 -2.745766 -0.152542
v -1.146648 -2.796120 0.286182
v -1.588252 -2.796120 0.286182
v -1.588252 -2.745766 -0.152542
v -1.146648 -1.152010 0.030380
v -1.146648 -1.202364 0.469104
v -1.588252 -1.202364 0.469104
v -1.588252 -1.152010 0.030380
vn 0.000000 -0.993478 -0.114025
vn 0.000000 0.993478 0.114026
vn -0.000000 -0.114026 0.993478
vn 0.000000 0.114026 -0.993478
usemtl 
s off
f 57//43 58//43 59//43 60//43
f 61//44 64//44 63//44 62//44
f 57//39 61//39 62//39 58//39
f 58//45 62//45 63//45 59//45
f 59//41 63//41 64//41 60//41
f 61//46 57//46 60//46 64//46
o Cube.006_Cube.017
v -1.146648 -1.289458 0.048427
v -1.146648 -1.171161 0.473892
v -1.588252 -1.171161 0.473892
v -1.588252 -1.289458 0.048427
v -1.146648 0.256130 -0.381313
v -1.146648 0.374428 0.044151
v -1.588252 0.374428 0.044151
v -1.588252 0.256130 -0.381313
vn 0.000000 -0.963452 0.267881
vn 0.000000 0.963452 -0.267881
vn -0.000000 0.267881 0.963452
vn 0.000000 -0.267881 -0.963452
usemtl 
s off
f 65//47 66//47 67//47 68//47
f 69//48 72//48 71//48 70//48
f 65//39 69//39 70//39 66//39
f 66//49 70//49 71//49 67//49
f 67//41 71//41 72//41 68//41
f 69//50 65//50 68//50 72//50
o Cube.005_Cube.016
v -0.427949 -3.360468 -0.279332
v -0.427949 -2.948018 -0.163114
v -0.990725 -2.948018 -0.163114
v -0.990725 -3.360468 -0.279332
v -0.427949 -3.019899 -1.488002
v -0.427950 -2.607448 -1.371785
v -0.990725 -2.607449 -1.371785
v -0.990725 -3.019899 -1.488002
vn 0.000000 -0.271211 0.962520
vn 0.000000 0.271211 -0.962520
vn -0.000000 0.962520 0.271211
vn 0.000000 -0.962520 -0.271211
usemtl 
s off
f 73//51 74//51 75//51 76//51
f 77//52 80//52 79//52 78//52
f 73//39 77//39 78//39 74//39
f 74//53 78//53 79//53 75//53
f 75//41 79//41 80//41 76//41
f 77//54 73//54 76//54 80//54
o Cube.004_Cube.015
v -0.448197 -2.956885 -1.306580
v -0.448197 -3.038922 -0.837339
v -0.970478 -3.038922 -0.837339
v -0.970478 -2.956885 -1.306581
v -0.448197 -0.683552 -0.909134
v -0.448197 -0.765589 -0.439893
v -0.970478 -0.765589 -0.439893
v -0.970478 -0.683551 -0.909134
vn 0.000000 -0.985059 -0.172217
vn 0.000000 0.985059 0.172218
vn -0.000000 -0.172218 0.985059
vn 0.000000 0.172218 -0.985059
usemtl 
s off
f 81//55 82//55 83//55 84//55
f 85//56 88//56 87//56 86//56
f 81//39 85//39 86//39 82//39
f 82//57 86//57 87//57 83//57
f 83//41 87//41 88//41 84//41
f 85//58 81//58 84//58 88//58
o Cube.003_Cube.014
v -0.307735 -0.919179 -0.921825
v -0.307735 -1.050536 -0.513944
v -0.870511 -1.050536 -0.513944
v -0.870511 -0.919179 -0.921825
v -0.307735 0.276101 -0.536888
v -0.307735 0.144744 -0.129007
v -0.870511 0.144744 -0.129007
v -0.870511 0.276101 -0.536888
vn 0.000000 -0.951857 -0.306543
vn -0.000000 0.951857 0.306543
vn -0.000000 -0.306543 0.951857
vn 0.000000 0.306543 -0.951857
usemtl 
s off
f 89//59 90//59 91//59 92//59
f 93//60 96//60 95//60 94//60
f 89//39 93//39 94//39 90//39
f 90//61 94//61 95//61 91//61
f 91//41 95//41 96//41 92//41
f 93//62 89//62 92//62 96//62
o Cube.002_Cube.013
v -0.269446 3.206203 -0.717127
v -0.269446 3.164118 0.720948
v -1.708137 3.164118 0.720948
v -1.708137 3.206203 -0.717127
v -0.269445 4.644279 -0.675041
v -0.269446 4.602193 0.763034
v -1.708137 4.602193 0.763033
v -1.708136 4.644279 -0.675042
vn 0.000000 -0.999572 -0.029253
vn 0.000000 0.999572 0.029253
vn -0.000000 -0.029253 0.999572
vn 0.000000 0.029253 -0.999572
usemtl 
s off
f 97//63 98//63 99//63 100//63
f 101//64 104//64 103//64 102//64
f 97//39 101//39 102//39 98//39
f 98//65 102//65 103//65 99//65
f 99//41 103//41 104//41 100//41
f 101//66 97//66 100//66 104//66
o Cube.001_Cube.012
v -0.763576 2.784968 -0.423485
v -0.763576 2.784968 0.026945
v -1.214007 2.784968 0.026945
v -1.214006 2.784968 -0.423485
v -0.763576 3.264342 -0.423485
v -0.763576 3.264342 0.026945
v -1.214007 3.264342 0.026945
v -1.214006 3.264342 -0.423486
vn 0.000000 -1.000000 0.000000
vn 0.000000 1.000000 0.000000
vn -0.000000 0.000000 1.000000
vn 0.000000 0.000000 -1.000000
usemtl 
s off
f 105//67 106//67 107//67 108//67
f 109//68 112//68 111//68 110//68
f 105//39 109//39 110//39 106//39
f 106//69 110//69 111//69 107//69
f 107//41 111//41 112//41 108//41
f 109//70 105//70 108//70 112//70
o Cube_Cube.011
v -0.333995 0.221293 -0.921790
v -0.333995 0.221293 0.387803
v -1.643587 0.221293 0.387803
v -1.643587 0.221293 -0.921790
v -0.333995 2.804183 -0.921789
v -0.333995 2.804183 0.387803
v -1.643588 2.804183 0.387802
v -1.643587 2.804183 -0.921790
usemtl 
s off
f 113//67 114//67 115//67 116//67
f 117//68 120//68 119//68 118//68
f 113//39 117//39 118//39 114//39
f 114//69 118//69 119//69 115//69
f 115//41 119//41 120//41 116//41
f 117//70 113//70 116//70 120//70
