# Blender v2.59 (sub 0) OBJ File: 'zombie.blend'
# www.blender.org
mtllib zombie_000085.mtl
o Cube.015_Cube.026
v -1.215409 -0.702384 1.268569
v -0.729137 -0.709533 1.486670
v -0.668569 -0.325163 1.364231
v -1.154842 -0.318014 1.146129
v -1.074594 -0.825873 0.950563
v -0.588321 -0.833022 1.168665
v -0.527754 -0.448652 1.046225
v -1.014026 -0.441503 0.828123
vn -0.381550 0.334603 0.861661
vn 0.381550 -0.334603 -0.861661
vn -0.148478 -0.942264 0.300155
vn 0.912345 -0.013413 0.409202
vn 0.148478 0.942264 -0.300155
vn -0.912345 0.013414 -0.409202
usemtl 
s off
f 1//1 2//1 3//1 4//1
f 5//2 8//2 7//2 6//2
f 1//3 5//3 6//3 2//3
f 2//4 6//4 7//4 3//4
f 3//5 7//5 8//5 4//5
f 5//6 1//6 4//6 8//6
o Cube.014_Cube.025
v -0.516990 -0.884439 1.131039
v -0.548462 -0.698342 0.814545
v -0.700621 -0.994044 0.655804
v -0.669149 -1.180142 0.972297
v 0.696837 -1.309930 0.760151
v 0.665365 -1.123833 0.443657
v 0.513207 -1.419535 0.284915
v 0.544679 -1.605633 0.601409
vn -0.906756 0.317851 0.277062
vn 0.906756 -0.317851 -0.277062
vn 0.412915 0.802452 0.430780
vn -0.085405 0.505016 -0.858874
vn -0.412915 -0.802452 -0.430780
vn 0.085405 -0.505016 0.858874
usemtl 
s off
f 9//7 10//7 11//7 12//7
f 13//8 16//8 15//8 14//8
f 9//9 13//9 14//9 10//9
f 10//10 14//10 15//10 11//10
f 11//11 15//11 16//11 12//11
f 13//12 9//12 12//12 16//12
o Cube.013_Cube.024
v -1.084118 -0.473502 1.502220
v -1.257475 -0.451371 1.177799
v -1.369042 -0.800746 1.213582
v -1.195684 -0.822878 1.538003
v 0.025443 -0.891465 0.880803
v -0.147914 -0.869333 0.556382
v -0.259480 -1.218709 0.592165
v -0.086123 -1.240841 0.916586
vn -0.828867 0.312228 0.464212
vn 0.828867 -0.312228 -0.464212
vn 0.302760 0.948107 -0.097105
vn -0.470442 0.060058 -0.880385
vn -0.302760 -0.948107 0.097105
vn 0.470442 -0.060058 0.880385
usemtl 
s off
f 17//13 18//13 19//13 20//13
f 21//14 24//14 23//14 22//14
f 17//15 21//15 22//15 18//15
f 18//16 22//16 23//16 19//16
f 19//17 23//17 24//17 20//17
f 21//18 17//18 20//18 24//18
o Cube.011_Cube.022
v -1.345437 -3.609243 0.431416
v -1.722100 -3.555318 0.804643
v -1.589906 -3.177546 0.883471
v -1.213244 -3.231471 0.510244
v -1.113320 -3.743393 0.685053
v -1.489982 -3.689467 1.058280
v -1.357789 -3.311696 1.137108
v -0.981127 -3.365621 0.763881
vn -0.628940 0.363489 -0.687248
vn 0.628940 -0.363489 0.687248
vn -0.324065 -0.926088 -0.193243
vn -0.706694 0.101175 0.700248
vn 0.324065 0.926088 0.193242
vn 0.706694 -0.101175 -0.700248
usemtl 
s off
f 25//19 26//19 27//19 28//19
f 29//20 32//20 31//20 30//20
f 25//21 29//21 30//21 26//21
f 26//22 30//22 31//22 27//22
f 27//23 31//23 32//23 28//23
f 29//24 25//24 28//24 32//24
o Cube.010_Cube.021
v -1.903129 -3.622173 0.245276
v -1.842000 -3.652611 0.607392
v -1.886117 -3.288745 0.645424
v -1.947246 -3.258307 0.283309
v -0.592793 -3.441767 0.039240
v -0.531664 -3.472205 0.401356
v -0.575781 -3.108339 0.439388
v -0.636910 -3.077901 0.077273
vn -0.978850 -0.134767 0.153914
vn 0.978851 0.134767 -0.153914
vn 0.119720 -0.987429 -0.103209
vn 0.165888 -0.082599 0.982679
vn -0.119720 0.987429 0.103208
vn -0.165888 0.082599 -0.982679
usemtl 
s off
f 33//25 34//25 35//25 36//25
f 37//26 40//26 39//26 38//26
f 33//27 37//27 38//27 34//27
f 34//28 38//28 39//28 35//28
f 35//29 39//29 40//29 36//29
f 37//30 33//30 36//30 40//30
o Cube.009_Cube.020
v -0.604881 -3.468328 -0.019882
v -0.559159 -3.512994 0.343031
v -0.699161 -3.177264 0.401989
v -0.744884 -3.132599 0.039076
v 0.622200 -2.940875 -0.109564
v 0.667922 -2.985540 0.253349
v 0.527920 -2.649810 0.312307
v 0.482197 -2.605145 -0.050606
vn -0.916657 -0.394020 0.066994
vn 0.916657 0.394020 -0.066994
vn 0.379927 -0.911075 -0.159995
vn 0.124078 -0.121208 0.984842
vn -0.379927 0.911075 0.159995
vn -0.124078 0.121208 -0.984842
usemtl 
s off
f 41//31 42//31 43//31 44//31
f 45//32 48//32 47//32 46//32
f 41//33 45//33 46//33 42//33
f 42//34 46//34 47//34 43//34
f 43//35 47//35 48//35 44//35
f 45//36 41//36 44//36 48//36
o Cube.008_Cube.019
v -1.146648 -2.706276 -0.331710
v -1.146648 -3.146121 -0.371087
v -1.588252 -3.146121 -0.371087
v -1.588252 -2.706276 -0.331710
v -1.146648 -2.849322 1.266119
v -1.146648 -3.289167 1.226742
v -1.588252 -3.289167 1.226742
v -1.588252 -2.849322 1.266119
vn 0.000000 0.089168 -0.996017
vn 0.000000 -0.089168 0.996017
vn 1.000000 -0.000000 0.000000
vn -0.000000 -0.996017 -0.089168
vn -1.000000 0.000000 -0.000000
vn 0.000000 0.996017 0.089169
usemtl 
s off
f 49//37 50//37 51//37 52//37
f 53//38 56//38 55//38 54//38
f 49//39 53//39 54//39 50//39
f 50//40 54//40 55//40 51//40
f 51//41 55//41 56//41 52//41
f 53//42 49//42 52//42 56//42
o Cube.007_Cube.018
v -1.146648 -2.841806 0.089277
v -1.146648 -3.276325 0.168064
v -1.588252 -3.276325 0.168064
v -1.588252 -2.841806 0.089277
v -1.146648 -2.555597 1.667759
v -1.146648 -2.990116 1.746545
v -1.588252 -2.990116 1.746545
v -1.588252 -2.555597 1.667759
vn 0.000000 -0.178410 -0.983956
vn 0.000000 0.178410 0.983956
vn -0.000000 -0.983956 0.178410
vn 0.000000 0.983956 -0.178410
usemtl 
s off
f 57//43 58//43 59//43 60//43
f 61//44 64//44 63//44 62//44
f 57//39 61//39 62//39 58//39
f 58//45 62//45 63//45 59//45
f 59//41 63//41 64//41 60//41
f 61//46 57//46 60//46 64//46
o Cube.006_Cube.017
v -1.146648 -2.711348 1.429256
v -1.146648 -2.286620 1.550173
v -1.588252 -2.286620 1.550173
v -1.588252 -2.711348 1.429256
v -1.146648 -2.272093 -0.113655
v -1.146648 -1.847365 0.007262
v -1.588252 -1.847365 0.007262
v -1.588252 -2.272093 -0.113655
vn 0.000000 -0.273812 0.961783
vn -0.000000 0.273812 -0.961783
vn -0.000000 0.961783 0.273812
vn 0.000001 -0.961783 -0.273812
usemtl 
s off
f 65//47 66//47 67//47 68//47
f 69//48 72//48 71//48 70//48
f 65//39 69//39 70//39 66//39
f 66//49 70//49 71//49 67//49
f 67//41 71//41 72//41 68//41
f 69//50 65//50 68//50 72//50
o Cube.005_Cube.016
v -0.427949 -3.632206 -1.778063
v -0.427949 -3.256963 -1.571145
v -0.990725 -3.256963 -1.571145
v -0.990725 -3.632206 -1.778063
v -0.427949 -3.025842 -2.877697
v -0.427950 -2.650599 -2.670779
v -0.990725 -2.650600 -2.670779
v -0.990725 -3.025842 -2.877697
vn 0.000000 -0.482875 0.875689
vn -0.000000 0.482875 -0.875689
vn -0.000000 0.875689 0.482875
vn 0.000000 -0.875689 -0.482875
usemtl 
s off
f 73//51 74//51 75//51 76//51
f 77//52 80//52 79//52 78//52
f 73//39 77//39 78//39 74//39
f 74//53 78//53 79//53 75//53
f 75//41 79//41 80//41 76//41
f 77//54 73//54 76//54 80//54
o Cube.004_Cube.015
v -0.448197 -2.723572 -2.651598
v -0.448197 -3.197083 -2.703605
v -0.970478 -3.197083 -2.703605
v -0.970478 -2.723572 -2.651598
v -0.448197 -2.975532 -0.357579
v -0.448197 -3.449043 -0.409586
v -0.970478 -3.449043 -0.409586
v -0.970478 -2.975532 -0.357579
vn -0.000000 0.109177 -0.994022
vn -0.000000 -0.109177 0.994022
vn -0.000000 -0.994022 -0.109177
vn 0.000000 0.994022 0.109177
usemtl 
s off
f 81//55 82//55 83//55 84//55
f 85//56 88//56 87//56 86//56
f 81//39 85//39 86//39 82//39
f 82//57 86//57 87//57 83//57
f 83//41 87//41 88//41 84//41
f 85//58 81//58 84//58 88//58
o Cube.003_Cube.014
v -0.307735 -2.370203 -1.421689
v -0.307735 -2.748902 -1.221168
v -0.870511 -2.748902 -1.221168
v -0.870511 -2.370203 -1.421689
v -0.307735 -1.782584 -0.311926
v -0.307735 -2.161283 -0.111405
v -0.870511 -2.161283 -0.111405
v -0.870511 -1.782584 -0.311926
vn 0.000000 -0.467948 -0.883756
vn 0.000000 0.467948 0.883756
vn -0.000000 -0.883756 0.467948
vn 0.000000 0.883756 -0.467948
usemtl 
s off
f 89//59 90//59 91//59 92//59
f 93//60 96//60 95//60 94//60
f 89//39 93//39 94//39 90//39
f 90//61 94//61 95//61 91//61
f 91//41 95//41 96//41 92//41
f 93//62 89//62 92//62 96//62
o Cube.002_Cube.013
v 1.486217 -2.964224 -0.353433
v 0.846683 -2.929846 0.934840
v 0.923907 -1.493229 0.934840
v 1.563441 -1.527607 -0.353433
v 2.772633 -3.033373 0.287025
v 2.133099 -2.998995 1.575298
v 2.210322 -1.562378 1.575297
v 2.849856 -1.596756 0.287024
vn -0.894157 0.048064 -0.445167
vn 0.894157 -0.048064 0.445167
vn -0.053676 -0.998558 0.000000
vn -0.444525 0.023895 0.895448
vn 0.053676 0.998558 -0.000000
vn 0.444525 -0.023895 -0.895448
usemtl 
s off
f 97//63 98//63 99//63 100//63
f 101//64 104//64 103//64 102//64
f 97//65 101//65 102//65 98//65
f 98//66 102//66 103//66 99//66
f 99//67 103//67 104//67 100//67
f 101//68 97//68 100//68 104//68
o Cube.001_Cube.012
v 0.988540 -2.424358 -0.059492
v 0.988540 -2.424358 0.390939
v 1.012717 -1.974577 0.390939
v 1.012717 -1.974577 -0.059492
v 1.467223 -2.450089 -0.059492
v 1.467223 -2.450089 0.390939
v 1.491400 -2.000308 0.390939
v 1.491400 -2.000308 -0.059492
vn -0.998558 0.053676 -0.000000
vn 0.998558 -0.053676 0.000000
vn 0.000000 0.000000 1.000000
vn 0.000000 -0.000000 -1.000000
usemtl 
s off
f 105//69 106//69 107//69 108//69
f 109//70 112//70 111//70 110//70
f 105//65 109//65 110//65 106//65
f 106//71 110//71 111//71 107//71
f 107//67 111//67 112//67 108//67
f 109//72 105//72 108//72 112//72
o Cube_Cube.011
v -1.559898 -2.670435 -0.557796
v -1.559898 -2.670435 0.751796
v -1.489604 -1.362731 0.751796
v -1.489604 -1.362731 -0.557796
v 1.019268 -2.809075 -0.557796
v 1.019268 -2.809074 0.751797
v 1.089562 -1.501369 0.751796
v 1.089562 -1.501370 -0.557796
usemtl 
s off
f 113//69 114//69 115//69 116//69
f 117//70 120//70 119//70 118//70
f 113//65 117//65 118//65 114//65
f 114//71 118//71 119//71 115//71
f 115//67 119//67 120//67 116//67
f 117//72 113//72 116//72 120//72
