# Blender v2.59 (sub 0) OBJ File: 'zombie.blend'
# www.blender.org
mtllib zombie_000037.mtl
o Cube.015_Cube.026
v -2.299963 0.348692 0.907862
v -2.331686 0.836577 1.120095
v -2.724102 0.858568 1.010885
v -2.692379 0.370684 0.798653
v -2.201597 0.495943 0.584061
v -2.233320 0.983828 0.796294
v -2.625735 1.005820 0.687084
v -2.594012 0.517935 0.474851
vn -0.266532 -0.398989 0.877365
vn 0.266532 0.398989 -0.877365
vn 0.961987 -0.053911 0.267722
vn -0.059518 0.915370 0.398191
vn -0.961987 0.053912 -0.267722
vn 0.059518 -0.915370 -0.398191
usemtl 
s off
f 1//1 2//1 3//1 4//1
f 5//2 8//2 7//2 6//2
f 1//3 5//3 6//3 2//3
f 2//4 6//4 7//4 3//4
f 3//5 7//5 8//5 4//5
f 5//6 1//6 4//6 8//6
o Cube.014_Cube.025
v -2.118120 1.576721 0.731281
v -2.247844 1.460098 0.406686
v -1.904293 1.385662 0.296129
v -1.774569 1.502285 0.620724
v -2.007038 2.817436 0.241113
v -2.136762 2.700813 -0.083482
v -1.793210 2.626377 -0.194038
v -1.663486 2.743000 0.130557
vn -0.082981 -0.926842 0.366166
vn 0.082981 0.926842 -0.366166
vn -0.932301 0.201998 0.300018
vn -0.352034 -0.316481 -0.880858
vn 0.932302 -0.201998 -0.300018
vn 0.352034 0.316481 0.880858
usemtl 
s off
f 9//7 10//7 11//7 12//7
f 13//8 16//8 15//8 14//8
f 9//9 13//9 14//9 10//9
f 10//10 14//10 15//10 11//10
f 11//11 15//11 16//11 12//11
f 13//12 9//12 12//12 16//12
o Cube.013_Cube.024
v -2.483292 0.821426 0.986329
v -2.500470 0.649937 0.660619
v -2.137005 0.590467 0.672761
v -2.119827 0.761957 0.998471
v -2.271814 1.986421 0.361796
v -2.288992 1.814932 0.036085
v -1.925527 1.755462 0.048227
v -1.908349 1.926952 0.373938
vn -0.157979 -0.870277 0.466541
vn 0.157979 0.870277 -0.466541
vn -0.986341 0.161384 -0.032950
vn -0.046616 -0.465374 -0.883886
vn 0.986342 -0.161384 0.032950
vn 0.046616 0.465374 0.883886
usemtl 
s off
f 17//13 18//13 19//13 20//13
f 21//14 24//14 23//14 22//14
f 17//15 21//15 22//15 18//15
f 18//16 22//16 23//16 19//16
f 19//17 23//17 24//17 20//17
f 21//18 17//18 20//18 24//18
o Cube.011_Cube.022
v 0.666769 0.549999 -0.657971
v 0.635046 0.167202 -0.288457
v 0.242630 0.259680 -0.226343
v 0.274353 0.642478 -0.595857
v 0.765135 0.792792 -0.398005
v 0.733413 0.409994 -0.028492
v 0.340997 0.502473 0.033622
v 0.372720 0.885270 -0.335891
vn -0.266532 -0.657865 -0.704397
vn 0.266532 0.657865 0.704397
vn 0.961987 -0.226706 -0.152270
vn -0.059518 -0.718205 0.693281
vn -0.961987 0.226706 0.152269
vn 0.059518 0.718205 -0.693281
usemtl 
s off
f 25//19 26//19 27//19 28//19
f 29//20 32//20 31//20 30//20
f 25//21 29//21 30//21 26//21
f 26//22 30//22 31//22 27//22
f 27//23 31//23 32//23 28//23
f 29//24 25//24 28//24 32//24
o Cube.010_Cube.021
v 0.685842 0.507423 -0.335622
v 0.697254 0.592328 0.022780
v 0.334321 0.533805 0.048200
v 0.322910 0.448899 -0.310202
v 0.457790 1.792586 -0.632817
v 0.469202 1.877492 -0.274415
v 0.106269 1.818968 -0.248996
v 0.094858 1.734062 -0.607397
vn 0.170360 -0.960046 0.222012
vn -0.170360 0.960046 -0.222012
vn 0.984895 0.158817 -0.068983
vn 0.030967 0.230410 0.972601
vn -0.984895 -0.158817 0.068983
vn -0.030967 -0.230410 -0.972601
usemtl 
s off
f 33//25 34//25 35//25 36//25
f 37//26 40//26 39//26 38//26
f 33//27 37//27 38//27 34//27
f 34//28 38//28 39//28 35//28
f 35//29 39//29 40//29 36//29
f 37//30 33//30 36//30 40//30
o Cube.009_Cube.020
v 0.400364 1.539474 -0.770289
v 0.436540 1.512434 -0.404569
v 0.101248 1.361148 -0.382588
v 0.065072 1.388188 -0.748309
v -0.139210 2.756148 -0.626959
v -0.103034 2.729107 -0.261239
v -0.438326 2.577822 -0.239259
v -0.474502 2.604862 -0.604979
vn 0.403074 -0.908882 -0.107071
vn -0.403074 0.908882 0.107071
vn 0.909887 0.410546 -0.059649
vn 0.098171 -0.073379 0.992461
vn -0.909887 -0.410546 0.059649
vn -0.098171 0.073379 -0.992461
usemtl 
s off
f 41//31 42//31 43//31 44//31
f 45//32 48//32 47//32 46//32
f 41//33 45//33 46//33 42//33
f 42//34 46//34 47//34 43//34
f 43//35 47//35 48//35 44//35
f 45//36 41//36 44//36 48//36
o Cube.008_Cube.019
v -1.146648 -2.706276 -0.331710
v -1.146648 -3.146121 -0.371087
v -1.588252 -3.146121 -0.371087
v -1.588252 -2.706276 -0.331710
v -1.146648 -2.849322 1.266119
v -1.146648 -3.289167 1.226742
v -1.588252 -3.289167 1.226742
v -1.588252 -2.849322 1.266119
vn 0.000000 0.089168 -0.996017
vn 0.000000 -0.089168 0.996017
vn 1.000000 -0.000000 0.000000
vn -0.000000 -0.996017 -0.089168
vn -1.000000 0.000000 -0.000000
vn 0.000000 0.996017 0.089169
usemtl 
s off
f 49//37 50//37 51//37 52//37
f 53//38 56//38 55//38 54//38
f 49//39 53//39 54//39 50//39
f 50//40 54//40 55//40 51//40
f 51//41 55//41 56//41 52//41
f 53//42 49//42 52//42 56//42
o Cube.007_Cube.018
v -1.146648 -2.744005 -0.136756
v -1.146648 -2.775695 0.303709
v -1.588252 -2.775695 0.303709
v -1.588252 -2.744005 -0.136756
v -1.146648 -1.143921 -0.021635
v -1.146648 -1.175612 0.418831
v -1.588252 -1.175612 0.418830
v -1.588252 -1.143921 -0.021635
vn 0.000000 -0.997422 -0.071761
vn 0.000000 0.997422 0.071762
vn -0.000000 -0.071761 0.997422
vn 0.000000 0.071761 -0.997422
usemtl 
s off
f 57//43 58//43 59//43 60//43
f 61//44 64//44 63//44 62//44
f 57//39 61//39 62//39 58//39
f 58//45 62//45 63//45 59//45
f 59//41 63//41 64//41 60//41
f 61//46 57//46 60//46 64//46
o Cube.006_Cube.017
v -1.146648 -1.258753 0.003283
v -1.146648 -1.140456 0.428747
v -1.588252 -1.140456 0.428747
v -1.588252 -1.258753 0.003283
v -1.146648 0.286835 -0.426458
v -1.146648 0.405132 -0.000994
v -1.588252 0.405132 -0.000994
v -1.588252 0.286835 -0.426458
vn -0.000000 -0.963452 0.267882
vn -0.000000 0.963452 -0.267881
vn -0.000000 0.267881 0.963452
vn 0.000000 -0.267881 -0.963452
usemtl 
s off
f 65//47 66//47 67//47 68//47
f 69//48 72//48 71//48 70//48
f 65//39 69//39 70//39 66//39
f 66//49 70//49 71//49 67//49
f 67//41 71//41 72//41 68//41
f 69//50 65//50 68//50 72//50
o Cube.005_Cube.016
v -0.427949 -3.468701 -0.692479
v -0.427949 -3.066277 -0.545250
v -0.990725 -3.066277 -0.545250
v -0.990725 -3.468701 -0.692479
v -0.427949 -3.037250 -1.871768
v -0.427950 -2.634826 -1.724538
v -0.990725 -2.634826 -1.724538
v -0.990725 -3.037250 -1.871768
vn 0.000000 -0.343584 0.939122
vn 0.000000 0.343584 -0.939122
vn -0.000000 0.939122 0.343584
vn 0.000000 -0.939122 -0.343584
usemtl 
s off
f 73//51 74//51 75//51 76//51
f 77//52 80//52 79//52 78//52
f 73//39 77//39 78//39 74//39
f 74//53 78//53 79//53 75//53
f 75//41 79//41 80//41 76//41
f 77//54 73//54 76//54 80//54
o Cube.004_Cube.015
v -0.448197 -2.813083 -1.746936
v -0.448197 -3.010247 -1.313296
v -0.970478 -3.010247 -1.313296
v -0.970478 -2.813083 -1.746936
v -0.448197 -0.712227 -0.791735
v -0.448197 -0.909391 -0.358095
v -0.970478 -0.909390 -0.358095
v -0.970478 -0.712227 -0.791735
vn 0.000000 -0.910323 -0.413898
vn -0.000000 0.910323 0.413899
vn -0.000000 -0.413899 0.910323
vn 0.000000 0.413899 -0.910323
usemtl 
s off
f 81//55 82//55 83//55 84//55
f 85//56 88//56 87//56 86//56
f 81//39 85//39 86//39 82//39
f 82//57 86//57 87//57 83//57
f 83//41 87//41 88//41 84//41
f 85//58 81//58 84//58 88//58
o Cube.003_Cube.014
v -0.307735 -0.875257 -0.967057
v -0.307735 -1.016834 -0.562610
v -0.870511 -1.016834 -0.562610
v -0.870511 -0.875257 -0.967057
v -0.307735 0.309960 -0.552168
v -0.307735 0.168382 -0.147721
v -0.870511 0.168382 -0.147721
v -0.870511 0.309960 -0.552168
vn -0.000000 -0.943843 -0.330395
vn -0.000000 0.943843 0.330395
vn -0.000000 -0.330395 0.943843
vn 0.000000 0.330395 -0.943843
usemtl 
s off
f 89//59 90//59 91//59 92//59
f 93//60 96//60 95//60 94//60
f 89//39 93//39 94//39 90//39
f 90//61 94//61 95//61 91//61
f 91//41 95//41 96//41 92//41
f 93//62 89//62 92//62 96//62
o Cube.002_Cube.013
v -0.269446 3.228579 -0.735888
v -0.269446 3.228579 0.702803
v -1.708137 3.228579 0.702802
v -1.708137 3.228579 -0.735889
v -0.269445 4.667270 -0.735888
v -0.269446 4.667270 0.702803
v -1.708137 4.667270 0.702802
v -1.708136 4.667270 -0.735889
vn 0.000000 -1.000000 0.000000
vn 0.000000 1.000000 0.000000
vn -0.000000 0.000000 1.000000
vn 0.000000 0.000000 -1.000000
usemtl 
s off
f 97//63 98//63 99//63 100//63
f 101//64 104//64 103//64 102//64
f 97//39 101//39 102//39 98//39
f 98//65 102//65 103//65 99//65
f 99//41 103//41 104//41 100//41
f 101//66 97//66 100//66 104//66
o Cube.001_Cube.012
v -0.763576 2.814832 -0.447929
v -0.763576 2.814832 0.002502
v -1.214007 2.814832 0.002502
v -1.214006 2.814832 -0.447929
v -0.763576 3.294206 -0.447929
v -0.763576 3.294206 0.002502
v -1.214007 3.294206 0.002502
v -1.214006 3.294206 -0.447929
usemtl 
s off
f 105//63 106//63 107//63 108//63
f 109//64 112//64 111//64 110//64
f 105//39 109//39 110//39 106//39
f 106//65 110//65 111//65 107//65
f 107//41 111//41 112//41 108//41
f 109//66 105//66 108//66 112//66
o Cube_Cube.011
v -0.333995 0.251158 -0.946233
v -0.333995 0.251158 0.363359
v -1.643587 0.251158 0.363359
v -1.643587 0.251158 -0.946233
v -0.333995 2.834048 -0.946233
v -0.333995 2.834048 0.363360
v -1.643588 2.834048 0.363359
v -1.643587 2.834048 -0.946233
usemtl 
s off
f 113//63 114//63 115//63 116//63
f 117//64 120//64 119//64 118//64
f 113//39 117//39 118//39 114//39
f 114//65 118//65 119//65 115//65
f 115//41 119//41 120//41 116//41
f 117//66 113//66 116//66 120//66
