# Blender v2.59 (sub 0) OBJ File: 'zombie.blend'
# www.blender.org
mtllib zombie_000003.mtl
o Cube.015_Cube.026
v -2.505255 -0.072690 1.433588
v -2.536978 0.287699 1.824988
v -2.929394 0.351976 1.733999
v -2.897671 -0.008414 1.342600
v -2.406889 0.192925 1.196990
v -2.438612 0.553314 1.588390
v -2.831027 0.617591 1.497401
v -2.799304 0.257201 1.106001
vn -0.266532 -0.719705 0.641082
vn 0.266532 0.719705 -0.641082
vn 0.961987 -0.157570 0.223054
vn -0.059518 0.676163 0.734344
vn -0.961987 0.157570 -0.223054
vn 0.059518 -0.676163 -0.734344
usemtl 
s off
f 1//1 2//1 3//1 4//1
f 5//2 8//2 7//2 6//2
f 1//3 5//3 6//3 2//3
f 2//4 6//4 7//4 3//4
f 3//5 7//5 8//5 4//5
f 5//6 1//6 4//6 8//6
o Cube.014_Cube.025
v -2.467583 1.414221 0.514183
v -2.504211 1.258219 0.182351
v -2.176270 1.095104 0.222837
v -2.139642 1.251106 0.554669
v -1.871732 2.472381 -0.049053
v -1.908359 2.316379 -0.380885
v -1.580418 2.153265 -0.340399
v -1.543790 2.309267 -0.008567
vn -0.445115 -0.790470 0.420750
vn 0.445115 0.790470 -0.420750
vn -0.889940 0.442646 -0.109867
vn -0.099397 -0.423346 -0.900499
vn 0.889940 -0.442646 0.109868
vn 0.099397 0.423346 0.900499
usemtl 
s off
f 9//7 10//7 11//7 12//7
f 13//8 16//8 15//8 14//8
f 9//9 13//9 14//9 10//9
f 10//10 14//10 15//10 11//10
f 11//11 15//11 16//11 12//11
f 13//12 9//12 12//12 16//12
o Cube.013_Cube.024
v -2.771215 0.655751 1.420054
v -2.787159 0.360367 1.200315
v -2.425996 0.305161 1.248320
v -2.410052 0.600545 1.468059
v -2.511838 1.430564 0.359693
v -2.527782 1.135180 0.139954
v -2.166619 1.079974 0.187959
v -2.150675 1.375358 0.407698
vn -0.193760 -0.578803 0.792114
vn 0.193760 0.578803 -0.792114
vn -0.980094 0.149814 -0.130273
vn -0.043267 -0.801588 -0.596309
vn 0.980094 -0.149813 0.130273
vn 0.043267 0.801588 0.596309
usemtl 
s off
f 17//13 18//13 19//13 20//13
f 21//14 24//14 23//14 22//14
f 17//15 21//15 22//15 18//15
f 18//16 22//16 23//16 19//16
f 19//17 23//17 24//17 20//17
f 21//18 17//18 20//18 24//18
o Cube.011_Cube.022
v 0.666769 -0.040812 -2.092239
v 0.635046 -0.296407 -1.625607
v 0.242630 -0.189641 -1.593804
v 0.274353 0.065954 -2.060436
v 0.765135 0.268305 -1.916236
v 0.733413 0.012710 -1.449603
v 0.340997 0.119476 -1.417801
v 0.372720 0.375071 -1.884433
vn -0.266532 -0.837575 -0.476896
vn 0.266532 0.837575 0.476896
vn 0.961987 -0.261731 -0.077964
vn -0.059518 -0.479547 0.875495
vn -0.961987 0.261731 0.077964
vn 0.059518 0.479547 -0.875495
usemtl 
s off
f 25//19 26//19 27//19 28//19
f 29//20 32//20 31//20 30//20
f 25//21 29//21 30//21 26//21
f 26//22 30//22 31//22 27//22
f 27//23 31//23 32//23 28//23
f 29//24 25//24 28//24 32//24
o Cube.010_Cube.021
v 0.698354 0.323892 -1.855686
v 0.714298 0.163284 -1.524412
v 0.353135 0.092153 -1.541515
v 0.337191 0.252761 -1.872789
v 0.438977 1.500669 -1.272678
v 0.454921 1.340061 -0.941405
v 0.093758 1.268930 -0.958508
v 0.077814 1.429538 -1.289782
vn 0.193760 -0.879079 -0.435520
vn -0.193760 0.879079 0.435520
vn 0.980094 0.193031 0.046414
vn 0.043267 -0.435843 0.898982
vn -0.980094 -0.193031 -0.046414
vn -0.043267 0.435843 -0.898982
usemtl 
s off
f 33//25 34//25 35//25 36//25
f 37//26 40//26 39//26 38//26
f 33//27 37//27 38//27 34//27
f 34//28 38//28 39//28 35//28
f 35//29 39//29 40//29 36//29
f 37//30 33//30 36//30 40//30
o Cube.009_Cube.020
v 0.424602 1.518195 -1.105003
v 0.461230 1.285806 -0.821374
v 0.133288 1.137538 -0.900506
v 0.096661 1.369926 -1.184135
v -0.171250 2.406563 -0.300180
v -0.134622 2.174175 -0.016551
v -0.462564 2.025907 -0.095684
v -0.499191 2.258295 -0.379312
vn 0.445115 -0.663631 -0.601221
vn -0.445115 0.663631 0.601221
vn 0.889940 0.402358 0.214743
vn 0.099396 -0.630635 0.769688
vn -0.889940 -0.402359 -0.214743
vn -0.099396 0.630635 -0.769688
usemtl 
s off
f 41//31 42//31 43//31 44//31
f 45//32 48//32 47//32 46//32
f 41//33 45//33 46//33 42//33
f 42//34 46//34 47//34 43//34
f 43//35 47//35 48//35 44//35
f 45//36 41//36 44//36 48//36
o Cube.008_Cube.019
v -1.146648 -2.034408 -2.542701
v -1.146648 -2.345123 -2.856501
v -1.588252 -2.345123 -2.856501
v -1.588252 -2.034408 -2.542701
v -1.146648 -3.174355 -1.413966
v -1.146648 -3.485069 -1.727767
v -1.588252 -3.485069 -1.727766
v -1.588252 -3.174355 -1.413966
vn 0.000000 0.710592 -0.703604
vn -0.000000 -0.710593 0.703604
vn 1.000000 -0.000000 -0.000000
vn -0.000000 -0.703604 -0.710592
vn -1.000000 0.000000 0.000000
vn 0.000000 0.703604 0.710592
usemtl 
s off
f 49//37 50//37 51//37 52//37
f 53//38 56//38 55//38 54//38
f 49//39 53//39 54//39 50//39
f 50//40 54//40 55//40 51//40
f 51//41 55//41 56//41 52//41
f 53//42 49//42 52//42 56//42
o Cube.007_Cube.018
v -1.146648 -2.230017 -2.392545
v -1.146648 -2.538727 -2.076772
v -1.588252 -2.538727 -2.076772
v -1.588252 -2.230017 -2.392545
v -1.146648 -1.082905 -1.271094
v -1.146648 -1.391614 -0.955320
v -1.588252 -1.391614 -0.955321
v -1.588252 -1.082905 -1.271094
vn 0.000000 -0.715060 -0.699064
vn -0.000000 0.715060 0.699063
vn -0.000000 -0.699063 0.715060
vn 0.000000 0.699063 -0.715060
usemtl 
s off
f 57//43 58//43 59//43 60//43
f 61//44 64//44 63//44 62//44
f 57//39 61//39 62//39 58//39
f 58//45 62//45 63//45 59//45
f 59//41 63//41 64//41 60//41
f 61//46 57//46 60//46 64//46
o Cube.006_Cube.017
v -1.146648 -1.234774 -1.179167
v -1.146648 -1.417456 -0.777121
v -1.588252 -1.417456 -0.777121
v -1.588252 -1.234774 -1.179167
v -1.146648 0.225744 -0.515536
v -1.146648 0.043062 -0.113490
v -1.588252 0.043062 -0.113490
v -1.588252 0.225744 -0.515536
vn 0.000000 -0.910423 -0.413678
vn -0.000000 0.910423 0.413678
vn -0.000000 -0.413678 0.910423
vn 0.000000 0.413678 -0.910423
usemtl 
s off
f 65//47 66//47 67//47 68//47
f 69//48 72//48 71//48 70//48
f 65//39 69//39 70//39 66//39
f 66//49 70//49 71//49 67//49
f 67//41 71//41 72//41 68//41
f 69//50 65//50 68//50 72//50
o Cube.005_Cube.016
v -0.427949 -2.291381 2.630378
v -0.427949 -1.945788 2.377028
v -0.990725 -1.945788 2.377028
v -0.990725 -2.291381 2.630378
v -0.427949 -3.033816 1.617629
v -0.427950 -2.688222 1.364278
v -0.990725 -2.688223 1.364278
v -0.990725 -3.033816 1.617629
vn 0.000000 0.591235 0.806499
vn 0.000000 -0.591235 -0.806499
vn -0.000000 0.806499 -0.591235
vn 0.000000 -0.806499 0.591235
usemtl 
s off
f 73//51 74//51 75//51 76//51
f 77//52 80//52 79//52 78//52
f 73//39 77//39 78//39 74//39
f 74//53 78//53 79//53 75//53
f 75//41 79//41 80//41 76//41
f 77//54 73//54 76//54 80//54
o Cube.004_Cube.015
v -0.448197 -2.721002 1.542642
v -0.448197 -2.461673 1.942224
v -0.970478 -2.461673 1.942224
v -0.970478 -2.721002 1.542642
v -0.448197 -0.785145 0.286273
v -0.448197 -0.525816 0.685855
v -0.970478 -0.525817 0.685854
v -0.970478 -0.785145 0.286272
vn 0.000000 -0.838827 0.544398
vn 0.000000 0.838827 -0.544398
vn -0.000000 0.544398 0.838827
vn 0.000000 -0.544398 -0.838827
usemtl 
s off
f 81//55 82//55 83//55 84//55
f 85//56 88//56 87//56 86//56
f 81//39 85//39 86//39 82//39
f 82//57 86//57 87//57 83//57
f 83//41 87//41 88//41 84//41
f 85//58 81//58 84//58 88//58
o Cube.003_Cube.014
v -0.427949 -1.019618 0.429100
v -0.427949 -0.800809 0.797535
v -0.990725 -0.800810 0.797535
v -0.990725 -1.019618 0.429100
v -0.427949 0.060067 -0.212110
v -0.427950 0.278876 0.156325
v -0.990725 0.278876 0.156325
v -0.990725 0.060067 -0.212110
vn 0.000000 -0.859803 0.510626
vn -0.000000 0.859803 -0.510626
vn -0.000000 0.510626 0.859803
vn 0.000000 -0.510626 -0.859803
usemtl 
s off
f 89//59 90//59 91//59 92//59
f 93//60 96//60 95//60 94//60
f 89//39 93//39 94//39 90//39
f 90//61 94//61 95//61 91//61
f 91//41 95//41 96//41 92//41
f 93//62 89//62 92//62 96//62
o Cube.002_Cube.013
v -0.269446 2.948534 -0.735888
v -0.269446 2.948534 0.702803
v -1.708137 2.948534 0.702802
v -1.708137 2.948534 -0.735889
v -0.269445 4.387225 -0.735888
v -0.269446 4.387225 0.702803
v -1.708137 4.387225 0.702802
v -1.708136 4.387225 -0.735889
vn 0.000000 -1.000000 0.000000
vn 0.000000 1.000000 0.000000
vn -0.000000 0.000000 1.000000
vn 0.000000 0.000000 -1.000000
usemtl 
s off
f 97//63 98//63 99//63 100//63
f 101//64 104//64 103//64 102//64
f 97//39 101//39 102//39 98//39
f 98//65 102//65 103//65 99//65
f 99//41 103//41 104//41 100//41
f 101//66 97//66 100//66 104//66
o Cube.001_Cube.012
v -0.763576 2.534787 -0.447929
v -0.763576 2.534787 0.002502
v -1.214007 2.534787 0.002502
v -1.214006 2.534787 -0.447929
v -0.763576 3.014161 -0.447929
v -0.763576 3.014161 0.002502
v -1.214007 3.014161 0.002502
v -1.214006 3.014161 -0.447929
usemtl 
s off
f 105//63 106//63 107//63 108//63
f 109//64 112//64 111//64 110//64
f 105//39 109//39 110//39 106//39
f 106//65 110//65 111//65 107//65
f 107//41 111//41 112//41 108//41
f 109//66 105//66 108//66 112//66
o Cube_Cube.011
v -0.333995 -0.028887 -0.946233
v -0.333995 -0.028887 0.363359
v -1.643587 -0.028887 0.363359
v -1.643587 -0.028887 -0.946233
v -0.333995 2.554002 -0.946233
v -0.333995 2.554002 0.363360
v -1.643588 2.554002 0.363359
v -1.643587 2.554002 -0.946233
usemtl 
s off
f 113//63 114//63 115//63 116//63
f 117//64 120//64 119//64 118//64
f 113//39 117//39 118//39 114//39
f 114//65 118//65 119//65 115//65
f 115//41 119//41 120//41 116//41
f 117//66 113//66 116//66 120//66
