# Blender v2.59 (sub 0) OBJ File: 'zombie.blend'
# www.blender.org
mtllib zombie_000033.mtl
o Cube.015_Cube.026
v -2.299963 0.032129 1.132155
v -2.331686 0.520014 1.344388
v -2.724102 0.542006 1.235178
v -2.692379 0.054121 1.022945
v -2.201597 0.179381 0.808354
v -2.233320 0.667265 1.020587
v -2.625735 0.689257 0.911377
v -2.594012 0.201372 0.699144
vn -0.266532 -0.398989 0.877365
vn 0.266532 0.398989 -0.877365
vn 0.961987 -0.053911 0.267722
vn -0.059518 0.915370 0.398191
vn -0.961987 0.053912 -0.267722
vn 0.059518 -0.915370 -0.398191
usemtl 
s off
f 1//1 2//1 3//1 4//1
f 5//2 8//2 7//2 6//2
f 1//3 5//3 6//3 2//3
f 2//4 6//4 7//4 3//4
f 3//5 7//5 8//5 4//5
f 5//6 1//6 4//6 8//6
o Cube.014_Cube.025
v -2.200070 1.355673 0.539447
v -2.365514 1.352684 0.210190
v -2.049697 1.246986 0.052459
v -1.884253 1.249975 0.381717
v -1.861633 2.638025 0.357750
v -2.027077 2.635036 0.028492
v -1.711261 2.529337 -0.129238
v -1.545817 2.532326 0.200020
vn -0.252820 -0.957945 0.135732
vn 0.252819 0.957945 -0.135732
vn -0.857036 0.286836 0.428036
vn -0.448967 -0.008111 -0.893511
vn 0.857036 -0.286836 -0.428035
vn 0.448967 0.008111 0.893511
usemtl 
s off
f 9//7 10//7 11//7 12//7
f 13//8 16//8 15//8 14//8
f 9//9 13//9 14//9 10//9
f 10//10 14//10 15//10 11//10
f 11//11 15//11 16//11 12//11
f 13//12 9//12 12//12 16//12
o Cube.013_Cube.024
v -2.495549 0.559509 1.103555
v -2.510828 0.351607 0.799689
v -2.148379 0.289654 0.823852
v -2.133101 0.497555 1.127718
v -2.260440 1.641603 0.351376
v -2.275719 1.433702 0.047510
v -1.913270 1.371748 0.071674
v -1.897992 1.579650 0.375540
vn -0.175632 -0.808349 0.561894
vn 0.175632 0.808349 -0.561894
vn -0.983582 0.168124 -0.065573
vn -0.041462 -0.564186 -0.824606
vn 0.983582 -0.168124 0.065573
vn 0.041462 0.564186 0.824606
usemtl 
s off
f 17//13 18//13 19//13 20//13
f 21//14 24//14 23//14 22//14
f 17//15 21//15 22//15 18//15
f 18//16 22//16 23//16 19//16
f 19//17 23//17 24//17 20//17
f 21//18 17//18 20//18 24//18
o Cube.011_Cube.022
v 0.666769 0.433979 -1.783568
v 0.635046 0.051182 -1.414054
v 0.242630 0.143660 -1.351940
v 0.274353 0.526458 -1.721454
v 0.765135 0.676772 -1.523602
v 0.733413 0.293974 -1.154088
v 0.340997 0.386453 -1.091974
v 0.372720 0.769250 -1.461488
vn -0.266532 -0.657865 -0.704397
vn 0.266532 0.657865 0.704397
vn 0.961987 -0.226706 -0.152270
vn -0.059518 -0.718205 0.693281
vn -0.961987 0.226706 0.152269
vn 0.059518 0.718205 -0.693281
usemtl 
s off
f 25//19 26//19 27//19 28//19
f 29//20 32//20 31//20 30//20
f 25//21 29//21 30//21 26//21
f 26//22 30//22 31//22 27//22
f 27//23 31//23 32//23 28//23
f 29//24 25//24 28//24 32//24
o Cube.010_Cube.021
v 0.693843 0.616328 -1.365524
v 0.709429 0.498983 -1.016557
v 0.347721 0.428957 -1.023949
v 0.332135 0.546302 -1.372917
v 0.444391 1.859530 -0.936339
v 0.459976 1.742185 -0.587372
v 0.098268 1.672159 -0.594764
v 0.082683 1.789504 -0.943732
vn 0.186347 -0.928700 -0.320611
vn -0.186347 0.928700 0.320611
vn 0.981573 0.190030 0.020061
vn 0.042295 -0.318441 0.946999
vn -0.981573 -0.190030 -0.020061
vn -0.042295 0.318441 -0.946999
usemtl 
s off
f 33//25 34//25 35//25 36//25
f 37//26 40//26 39//26 38//26
f 33//27 37//27 38//27 34//27
f 34//28 38//28 39//28 35//28
f 35//29 39//29 40//29 36//29
f 37//30 33//30 36//30 40//30
o Cube.009_Cube.020
v 0.415997 1.685564 -1.055593
v 0.451226 1.492364 -0.743785
v 0.120216 1.340646 -0.800393
v 0.084986 1.533845 -1.112200
v -0.158177 2.683379 -0.372464
v -0.122948 2.490180 -0.060656
v -0.453959 2.338461 -0.117264
v -0.489188 2.531661 -0.429071
vn 0.428921 -0.745391 -0.510313
vn -0.428921 0.745391 0.510313
vn 0.898269 0.411722 0.153617
vn 0.095602 -0.524288 0.846158
vn -0.898269 -0.411722 -0.153617
vn -0.095602 0.524288 -0.846158
usemtl 
s off
f 41//31 42//31 43//31 44//31
f 45//32 48//32 47//32 46//32
f 41//33 45//33 46//33 42//33
f 42//34 46//34 47//34 43//34
f 43//35 47//35 48//35 44//35
f 45//36 41//36 44//36 48//36
o Cube.008_Cube.019
v -1.146648 -1.457568 -1.106502
v -1.146648 -1.695379 -1.478604
v -1.588252 -1.695379 -1.478604
v -1.588252 -1.457568 -1.106502
v -1.146648 -2.809307 -0.242602
v -1.146648 -3.047118 -0.614704
v -1.588252 -3.047118 -0.614704
v -1.588252 -2.809307 -0.242602
vn 0.000000 0.842615 -0.538517
vn -0.000000 -0.842615 0.538517
vn 1.000000 -0.000000 -0.000000
vn -0.000000 -0.538517 -0.842615
vn -1.000000 0.000000 0.000000
vn 0.000000 0.538517 0.842615
usemtl 
s off
f 49//37 50//37 51//37 52//37
f 53//38 56//38 55//38 54//38
f 49//39 53//39 54//39 50//39
f 50//40 54//40 55//40 51//40
f 51//41 55//41 56//41 52//41
f 53//42 49//42 52//42 56//42
o Cube.007_Cube.018
v -1.146648 -1.673694 -0.928988
v -1.146648 -2.040755 -0.683469
v -1.588252 -2.040755 -0.683469
v -1.588252 -1.673694 -0.928988
v -1.146648 -0.781792 0.404441
v -1.146648 -1.148854 0.649960
v -1.588252 -1.148854 0.649960
v -1.588252 -0.781792 0.404441
vn -0.000000 -0.555972 -0.831201
vn 0.000000 0.555972 0.831201
vn -0.000000 -0.831201 0.555972
vn 0.000000 0.831201 -0.555972
usemtl 
s off
f 57//43 58//43 59//43 60//43
f 61//44 64//44 63//44 62//44
f 57//39 61//39 62//39 58//39
f 58//45 62//45 63//45 59//45
f 59//41 63//41 64//41 60//41
f 61//46 57//46 60//46 64//46
o Cube.006_Cube.017
v -1.146648 -1.177782 -0.699589
v -1.146648 -1.255209 -0.264826
v -1.588252 -1.255209 -0.264826
v -1.588252 -1.177782 -0.699589
v -1.146648 0.401588 -0.418321
v -1.146648 0.324161 0.016443
v -1.588252 0.324161 0.016443
v -1.588252 0.401588 -0.418321
vn 0.000000 -0.984510 -0.175331
vn 0.000000 0.984510 0.175331
vn -0.000000 -0.175331 0.984510
vn 0.000000 0.175331 -0.984510
usemtl 
s off
f 65//47 66//47 67//47 68//47
f 69//48 72//48 71//48 70//48
f 65//39 69//39 70//39 66//39
f 66//49 70//49 71//49 67//49
f 67//41 71//41 72//41 68//41
f 69//50 65//50 68//50 72//50
o Cube.005_Cube.016
v -0.427949 -3.470736 -0.200130
v -0.427949 -3.052248 -0.107991
v -0.990725 -3.052248 -0.107991
v -0.990725 -3.470736 -0.200130
v -0.427949 -3.200728 -1.426493
v -0.427950 -2.782240 -1.334355
v -0.990725 -2.782240 -1.334355
v -0.990725 -3.200728 -1.426493
vn -0.000000 -0.215020 0.976610
vn 0.000000 0.215020 -0.976610
vn -0.000000 0.976610 0.215020
vn 0.000000 -0.976610 -0.215020
usemtl 
s off
f 73//51 74//51 75//51 76//51
f 77//52 80//52 79//52 78//52
f 73//39 77//39 78//39 74//39
f 74//53 78//53 79//53 75//53
f 75//41 79//41 80//41 76//41
f 77//54 73//54 76//54 80//54
o Cube.004_Cube.015
v -0.448197 -2.911766 -1.287293
v -0.448197 -3.037147 -0.827731
v -0.970478 -3.037147 -0.827731
v -0.970478 -2.911766 -1.287293
v -0.448197 -0.685327 -0.679861
v -0.448197 -0.810707 -0.220299
v -0.970478 -0.810707 -0.220300
v -0.970478 -0.685327 -0.679861
vn 0.000000 -0.964739 -0.263207
vn -0.000000 0.964740 0.263206
vn -0.000000 -0.263206 0.964740
vn 0.000000 0.263207 -0.964740
usemtl 
s off
f 81//55 82//55 83//55 84//55
f 85//56 88//56 87//56 86//56
f 81//39 85//39 86//39 82//39
f 82//57 86//57 87//57 83//57
f 83//41 87//41 88//41 84//41
f 85//58 81//58 84//58 88//58
o Cube.003_Cube.014
v -0.427949 -1.026206 0.273405
v -0.427949 -0.828255 0.653454
v -0.990725 -0.828255 0.653454
v -0.990725 -1.026206 0.273405
v -0.427949 0.087512 -0.306684
v -0.427950 0.285464 0.073365
v -0.990725 0.285463 0.073365
v -0.990725 0.087512 -0.306684
vn -0.000000 -0.886905 0.461952
vn -0.000000 0.886905 -0.461952
vn -0.000000 0.461952 0.886905
vn 0.000000 -0.461952 -0.886905
usemtl 
s off
f 89//59 90//59 91//59 92//59
f 93//60 96//60 95//60 94//60
f 89//39 93//39 94//39 90//39
f 90//61 94//61 95//61 91//61
f 91//41 95//41 96//41 92//41
f 93//62 89//62 92//62 96//62
o Cube.002_Cube.013
v -0.269446 3.181943 -0.735888
v -0.269446 3.181943 0.702803
v -1.708137 3.181943 0.702802
v -1.708137 3.181943 -0.735889
v -0.269445 4.620634 -0.735888
v -0.269446 4.620634 0.702803
v -1.708137 4.620634 0.702802
v -1.708136 4.620634 -0.735889
vn 0.000000 -1.000000 0.000000
vn 0.000000 1.000000 0.000000
vn -0.000000 0.000000 1.000000
vn 0.000000 0.000000 -1.000000
usemtl 
s off
f 97//63 98//63 99//63 100//63
f 101//64 104//64 103//64 102//64
f 97//39 101//39 102//39 98//39
f 98//65 102//65 103//65 99//65
f 99//41 103//41 104//41 100//41
f 101//66 97//66 100//66 104//66
o Cube.001_Cube.012
v -0.763576 2.768197 -0.447929
v -0.763576 2.768197 0.002502
v -1.214007 2.768197 0.002502
v -1.214006 2.768197 -0.447929
v -0.763576 3.247571 -0.447929
v -0.763576 3.247571 0.002502
v -1.214007 3.247571 0.002502
v -1.214006 3.247571 -0.447929
usemtl 
s off
f 105//63 106//63 107//63 108//63
f 109//64 112//64 111//64 110//64
f 105//39 109//39 110//39 106//39
f 106//65 110//65 111//65 107//65
f 107//41 111//41 112//41 108//41
f 109//66 105//66 108//66 112//66
o Cube_Cube.011
v -0.333995 0.204522 -0.946233
v -0.333995 0.204522 0.363359
v -1.643587 0.204522 0.363359
v -1.643587 0.204522 -0.946233
v -0.333995 2.787412 -0.946233
v -0.333995 2.787412 0.363360
v -1.643588 2.787412 0.363359
v -1.643587 2.787412 -0.946233
usemtl 
s off
f 113//63 114//63 115//63 116//63
f 117//64 120//64 119//64 118//64
f 113//39 117//39 118//39 114//39
f 114//65 118//65 119//65 115//65
f 115//41 119//41 120//41 116//41
f 117//66 113//66 116//66 120//66
