# Blender v2.59 (sub 0) OBJ File: 'zombie.blend'
# www.blender.org
mtllib zombie_000015.mtl
o Cube.015_Cube.026
v -2.294338 0.332249 1.546328
v -2.330071 0.701980 1.928563
v -2.723988 0.757331 1.838197
v -2.688255 0.387601 1.455962
v -2.201710 0.593316 1.302462
v -2.237443 0.963046 1.684696
v -2.631361 1.018397 1.594330
v -2.595627 0.648667 1.212096
vn -0.250981 -0.707379 0.660775
vn 0.250981 0.707379 -0.660775
vn 0.965668 -0.135691 0.221527
vn -0.067043 0.693688 0.717149
vn -0.965667 0.135691 -0.221527
vn 0.067043 -0.693688 -0.717149
usemtl 
s off
f 1//1 2//1 3//1 4//1
f 5//2 8//2 7//2 6//2
f 1//3 5//3 6//3 2//3
f 2//4 6//4 7//4 3//4
f 3//5 7//5 8//5 4//5
f 5//6 1//6 4//6 8//6
o Cube.014_Cube.025
v -2.208072 1.463051 0.703050
v -2.368225 1.304304 0.411603
v -2.050404 1.137762 0.327670
v -1.890251 1.296509 0.619118
v -1.860927 2.508706 -0.057261
v -2.021080 2.349959 -0.348709
v -1.703259 2.183417 -0.432641
v -1.543106 2.342165 -0.141194
vn -0.259325 -0.781128 0.567970
vn 0.259325 0.781128 -0.567970
vn -0.862476 0.451947 0.227770
vn -0.434609 -0.430794 -0.790905
vn 0.862476 -0.451947 -0.227770
vn 0.434609 0.430794 0.790905
usemtl 
s off
f 9//7 10//7 11//7 12//7
f 13//8 16//8 15//8 14//8
f 9//9 13//9 14//9 10//9
f 10//10 14//10 15//10 11//10
f 11//11 15//11 16//11 12//11
f 13//12 9//12 12//12 16//12
o Cube.013_Cube.024
v -2.502010 0.889695 1.616831
v -2.514124 0.602041 1.386833
v -2.152066 0.550555 1.432155
v -2.139951 0.838210 1.662153
v -2.256753 1.705198 0.583979
v -2.268868 1.417543 0.353981
v -1.906809 1.366058 0.399303
v -1.894695 1.653712 0.629301
vn -0.183212 -0.609199 0.771564
vn 0.183212 0.609199 -0.771564
vn -0.982524 0.139717 -0.122990
vn -0.032875 -0.780613 -0.624150
vn 0.982524 -0.139717 0.122990
vn 0.032875 0.780613 0.624150
usemtl 
s off
f 17//13 18//13 19//13 20//13
f 21//14 24//14 23//14 22//14
f 17//15 21//15 22//15 18//15
f 18//16 22//16 23//16 19//16
f 19//17 23//17 24//17 20//17
f 21//18 17//18 20//18 24//18
o Cube.011_Cube.022
v 0.666769 -0.017552 -2.134688
v 0.635046 -0.273146 -1.668056
v 0.242630 -0.166380 -1.636252
v 0.274353 0.089214 -2.102885
v 0.765135 0.291565 -1.958684
v 0.733413 0.035970 -1.492052
v 0.340997 0.142736 -1.460249
v 0.372720 0.398331 -1.926881
vn -0.266532 -0.837575 -0.476896
vn 0.266532 0.837575 0.476896
vn 0.961987 -0.261731 -0.077964
vn -0.059518 -0.479547 0.875495
vn -0.961987 0.261731 0.077964
vn 0.059518 0.479547 -0.875495
usemtl 
s off
f 25//19 26//19 27//19 28//19
f 29//20 32//20 31//20 30//20
f 25//21 29//21 30//21 26//21
f 26//22 30//22 31//22 27//22
f 27//23 31//23 32//23 28//23
f 29//24 25//24 28//24 32//24
o Cube.010_Cube.021
v 0.697208 0.162051 -1.905590
v 0.712789 0.057361 -1.552619
v 0.351457 -0.014755 -1.558059
v 0.335877 0.089935 -1.911030
v 0.440655 1.418519 -1.521600
v 0.456235 1.313828 -1.168629
v 0.094903 1.241712 -1.174070
v 0.079323 1.346402 -1.527040
vn 0.191651 -0.938609 -0.286849
vn -0.191651 0.938609 0.286849
vn 0.980552 0.195704 0.014764
vn 0.042280 -0.284100 0.957862
vn -0.980552 -0.195704 -0.014764
vn -0.042280 0.284100 -0.957862
usemtl 
s off
f 33//25 34//25 35//25 36//25
f 37//26 40//26 39//26 38//26
f 33//27 37//27 38//27 34//27
f 34//28 38//28 39//28 35//28
f 35//29 39//29 40//29 36//29
f 37//30 33//30 36//30 40//30
o Cube.009_Cube.020
v 0.415884 1.435881 -1.281059
v 0.440831 1.196136 -1.002328
v 0.107188 1.064018 -1.086106
v 0.082242 1.303763 -1.364837
v -0.145150 2.332050 -0.460023
v -0.120204 2.092305 -0.181292
v -0.453846 1.960187 -0.265071
v -0.478792 2.199932 -0.543802
vn 0.419105 -0.669458 -0.613332
vn -0.419105 0.669458 0.613332
vn 0.905410 0.358530 0.227350
vn 0.067697 -0.650601 0.756397
vn -0.905410 -0.358530 -0.227350
vn -0.067697 0.650601 -0.756396
usemtl 
s off
f 41//31 42//31 43//31 44//31
f 45//32 48//32 47//32 46//32
f 41//33 45//33 46//33 42//33
f 42//34 46//34 47//34 43//34
f 43//35 47//35 48//35 44//35
f 45//36 41//36 44//36 48//36
o Cube.008_Cube.019
v -1.146648 -2.831913 0.725738
v -1.146648 -3.240130 0.894181
v -1.588252 -3.240130 0.894181
v -1.588252 -2.831913 0.725738
v -1.146648 -2.220006 2.208671
v -1.146648 -2.628223 2.377114
v -1.588252 -2.628223 2.377114
v -1.588252 -2.220006 2.208670
vn 0.000000 -0.381436 -0.924395
vn -0.000000 0.381436 0.924395
vn 1.000000 -0.000000 0.000000
vn -0.000000 -0.924395 0.381436
vn -1.000000 0.000000 -0.000000
vn 0.000000 0.924395 -0.381436
usemtl 
s off
f 49//37 50//37 51//37 52//37
f 53//38 56//38 55//38 54//38
f 49//39 53//39 54//39 50//39
f 50//40 54//40 55//40 51//40
f 51//41 55//41 56//41 52//41
f 53//42 49//42 52//42 56//42
o Cube.007_Cube.018
v -1.146648 -2.839008 0.897148
v -1.146648 -2.686107 1.311437
v -1.588252 -2.686107 1.311437
v -1.588252 -2.839008 0.897148
v -1.146648 -1.334015 0.341704
v -1.146648 -1.181114 0.755993
v -1.588252 -1.181115 0.755993
v -1.588252 -1.334015 0.341704
vn -0.000000 -0.938146 0.346240
vn -0.000000 0.938146 -0.346240
vn -0.000000 0.346240 0.938146
vn 0.000000 -0.346240 -0.938146
usemtl 
s off
f 57//43 58//43 59//43 60//43
f 61//44 64//44 63//44 62//44
f 57//39 61//39 62//39 58//39
f 58//45 62//45 63//45 59//45
f 59//41 63//41 64//41 60//41
f 61//46 57//46 60//46 64//46
o Cube.006_Cube.017
v -1.146648 -1.335781 0.507556
v -1.146648 -1.079440 0.867144
v -1.588252 -1.079441 0.867144
v -1.588252 -1.335781 0.507556
v -1.146648 -0.029502 -0.423655
v -1.146648 0.226839 -0.064067
v -1.588252 0.226839 -0.064067
v -1.588252 -0.029502 -0.423655
vn 0.000000 -0.814277 0.580476
vn 0.000000 0.814277 -0.580476
vn -0.000000 0.580476 0.814277
vn 0.000000 -0.580476 -0.814277
usemtl 
s off
f 65//47 66//47 67//47 68//47
f 69//48 72//48 71//48 70//48
f 65//39 69//39 70//39 66//39
f 66//49 70//49 71//49 67//49
f 67//41 71//41 72//41 68//41
f 69//50 65//50 68//50 72//50
o Cube.005_Cube.016
v -0.427949 -3.308299 -2.589383
v -0.427949 -3.212226 -2.171781
v -0.990725 -3.212226 -2.171781
v -0.990725 -3.308299 -2.589383
v -0.427949 -2.084532 -2.870922
v -0.427950 -1.988458 -2.453320
v -0.990725 -1.988459 -2.453320
v -0.990725 -2.084532 -2.870922
vn 0.000000 -0.974543 0.224202
vn -0.000000 0.974543 -0.224202
vn -0.000000 0.224202 0.974543
vn 0.000000 -0.224202 -0.974543
usemtl 
s off
f 73//51 74//51 75//51 76//51
f 77//52 80//52 79//52 78//52
f 73//39 77//39 78//39 74//39
f 74//53 78//53 79//53 75//53
f 75//41 79//41 80//41 76//41
f 77//54 73//54 76//54 80//54
o Cube.004_Cube.015
v -0.448197 -2.107579 -2.799700
v -0.448197 -2.510518 -2.545620
v -0.970478 -2.510518 -2.545620
v -0.970478 -2.107578 -2.799700
v -0.448197 -0.876634 -0.847578
v -0.448197 -1.279574 -0.593497
v -0.970478 -1.279574 -0.593497
v -0.970478 -0.876634 -0.847578
vn -0.000000 -0.533381 -0.845875
vn 0.000000 0.533381 0.845875
vn -0.000000 -0.845875 0.533381
vn 0.000000 0.845875 -0.533381
usemtl 
s off
f 81//55 82//55 83//55 84//55
f 85//56 88//56 87//56 86//56
f 81//39 85//39 86//39 82//39
f 82//57 86//57 87//57 83//57
f 83//41 87//41 88//41 84//41
f 85//58 81//58 84//58 88//58
o Cube.003_Cube.014
v -0.427949 -0.884448 -0.989158
v -0.427949 -1.033555 -0.587425
v -0.990725 -1.033555 -0.587425
v -0.990725 -0.884448 -0.989158
v -0.427949 0.292813 -0.552205
v -0.427950 0.143706 -0.150473
v -0.990725 0.143706 -0.150473
v -0.990725 0.292813 -0.552205
vn 0.000000 -0.937507 -0.347965
vn 0.000000 0.937507 0.347966
vn -0.000000 -0.347966 0.937507
vn 0.000000 0.347966 -0.937507
usemtl 
s off
f 89//59 90//59 91//59 92//59
f 93//60 96//60 95//60 94//60
f 89//39 93//39 94//39 90//39
f 90//61 94//61 95//61 91//61
f 91//41 95//41 96//41 92//41
f 93//62 89//62 92//62 96//62
o Cube.002_Cube.013
v -0.269446 2.935825 -0.735888
v -0.269446 2.935825 0.702803
v -1.708137 2.935825 0.702802
v -1.708137 2.935825 -0.735889
v -0.269445 4.374516 -0.735888
v -0.269446 4.374516 0.702803
v -1.708137 4.374516 0.702802
v -1.708136 4.374516 -0.735889
vn 0.000000 -1.000000 0.000000
vn 0.000000 1.000000 0.000000
vn -0.000000 0.000000 1.000000
vn 0.000000 0.000000 -1.000000
usemtl 
s off
f 97//63 98//63 99//63 100//63
f 101//64 104//64 103//64 102//64
f 97//39 101//39 102//39 98//39
f 98//65 102//65 103//65 99//65
f 99//41 103//41 104//41 100//41
f 101//66 97//66 100//66 104//66
o Cube.001_Cube.012
v -0.763576 2.522079 -0.447929
v -0.763576 2.522079 0.002502
v -1.214007 2.522079 0.002502
v -1.214006 2.522079 -0.447929
v -0.763576 3.001453 -0.447929
v -0.763576 3.001453 0.002502
v -1.214007 3.001453 0.002502
v -1.214006 3.001453 -0.447929
usemtl 
s off
f 105//63 106//63 107//63 108//63
f 109//64 112//64 111//64 110//64
f 105//39 109//39 110//39 106//39
f 106//65 110//65 111//65 107//65
f 107//41 111//41 112//41 108//41
f 109//66 105//66 108//66 112//66
o Cube_Cube.011
v -0.333995 -0.041596 -0.946233
v -0.333995 -0.041596 0.363359
v -1.643587 -0.041596 0.363359
v -1.643587 -0.041596 -0.946233
v -0.333995 2.541294 -0.946233
v -0.333995 2.541294 0.363360
v -1.643588 2.541294 0.363359
v -1.643587 2.541294 -0.946233
usemtl 
s off
f 113//63 114//63 115//63 116//63
f 117//64 120//64 119//64 118//64
f 113//39 117//39 118//39 114//39
f 114//65 118//65 119//65 115//65
f 115//41 119//41 120//41 116//41
f 117//66 113//66 116//66 120//66
