# Blender v2.59 (sub 0) OBJ File: 'zombie.blend'
# www.blender.org
mtllib zombie_000030.mtl
o Cube.015_Cube.026
v -2.299700 0.112738 1.752884
v -2.331337 0.587864 1.992332
v -2.723899 0.615804 1.885024
v -2.692262 0.140678 1.645576
v -2.201799 0.278059 1.437780
v -2.233436 0.753185 1.677228
v -2.625998 0.781125 1.569919
v -2.594361 0.305999 1.330472
vn -0.265271 -0.447949 0.853799
vn 0.265271 0.447949 -0.853799
vn 0.962345 -0.068493 0.263060
vn -0.059358 0.891431 0.449251
vn -0.962345 0.068493 -0.263060
vn 0.059358 -0.891431 -0.449251
usemtl 
s off
f 1//1 2//1 3//1 4//1
f 5//2 8//2 7//2 6//2
f 1//3 5//3 6//3 2//3
f 2//4 6//4 7//4 3//4
f 3//5 7//5 8//5 4//5
f 5//6 1//6 4//6 8//6
o Cube.014_Cube.025
v -2.201744 1.292286 0.671740
v -2.371176 1.213141 0.354218
v -2.058337 1.069067 0.223198
v -1.888906 1.148212 0.540720
v -1.852993 2.490363 0.187011
v -2.022424 2.411218 -0.130511
v -1.709586 2.267144 -0.261530
v -1.540155 2.346290 0.055991
vn -0.260525 -0.894991 0.362103
vn 0.260525 0.894991 -0.362103
vn -0.848953 0.390976 0.355550
vn -0.459787 -0.214779 -0.861664
vn 0.848954 -0.390976 -0.355550
vn 0.459787 0.214779 0.861664
usemtl 
s off
f 9//7 10//7 11//7 12//7
f 13//8 16//8 15//8 14//8
f 9//9 13//9 14//9 10//9
f 10//10 14//10 15//10 11//10
f 11//11 15//11 16//11 12//11
f 13//12 9//12 12//12 16//12
o Cube.013_Cube.024
v -2.506243 0.665656 1.559338
v -2.519152 0.386822 1.318763
v -2.157634 0.331334 1.363677
v -2.144726 0.610167 1.604253
v -2.251185 1.517324 0.558546
v -2.264094 1.238490 0.317971
v -1.902576 1.183002 0.362885
v -1.889667 1.461835 0.603460
vn -0.190534 -0.636215 0.747614
vn 0.190534 0.636215 -0.747614
vn -0.981055 0.150581 -0.121885
vn -0.035031 -0.756674 -0.652853
vn 0.981055 -0.150581 0.121885
vn 0.035031 0.756674 0.652853
usemtl 
s off
f 17//13 18//13 19//13 20//13
f 21//14 24//14 23//14 22//14
f 17//15 21//15 22//15 18//15
f 18//16 22//16 23//16 19//16
f 19//17 23//17 24//17 20//17
f 21//18 17//18 20//18 24//18
o Cube.011_Cube.022
v 0.667104 0.338173 -2.195019
v 0.635772 -0.016497 -1.798398
v 0.243094 0.079445 -1.743625
v 0.274426 0.434114 -2.140246
v 0.764672 0.599629 -1.953509
v 0.733339 0.244960 -1.556888
v 0.340662 0.340902 -1.502115
v 0.371994 0.695571 -1.898736
vn -0.264369 -0.708438 -0.654389
vn 0.264368 0.708438 0.654389
vn 0.962629 -0.235196 -0.134273
vn -0.058786 -0.665431 0.744141
vn -0.962629 0.235196 0.134273
vn 0.058786 0.665431 -0.744141
usemtl 
s off
f 25//19 26//19 27//19 28//19
f 29//20 32//20 31//20 30//20
f 25//21 29//21 30//21 26//21
f 26//22 30//22 31//22 27//22
f 27//23 31//23 32//23 28//23
f 29//24 25//24 28//24 32//24
o Cube.010_Cube.021
v 0.698528 0.630225 -1.784684
v 0.713874 0.439050 -1.470029
v 0.352669 0.370228 -1.494227
v 0.337323 0.561403 -1.808883
v 0.439443 1.746992 -1.093536
v 0.454788 1.555817 -0.778881
v 0.093583 1.486995 -0.803080
v 0.078238 1.678170 -1.117735
vn 0.193542 -0.834250 -0.516303
vn -0.193543 0.834250 0.516303
vn 0.980208 0.186764 0.065668
vn 0.041643 -0.518794 0.853885
vn -0.980208 -0.186763 -0.065668
vn -0.041643 0.518794 -0.853885
usemtl 
s off
f 33//25 34//25 35//25 36//25
f 37//26 40//26 39//26 38//26
f 33//27 37//27 38//27 34//27
f 34//28 38//28 39//28 35//28
f 35//29 39//29 40//29 36//29
f 37//30 33//30 36//30 40//30
o Cube.009_Cube.020
v 0.424602 1.668743 -1.121733
v 0.461230 1.398832 -0.873545
v 0.133288 1.263143 -0.972713
v 0.096661 1.533055 -1.220901
v -0.171250 2.435301 -0.200144
v -0.134622 2.165390 0.048044
v -0.462564 2.029701 -0.051123
v -0.499191 2.299613 -0.299311
vn 0.445115 -0.572636 -0.688448
vn -0.445115 0.572636 0.688448
vn 0.889940 0.368219 0.269112
vn 0.099396 -0.732463 0.673511
vn -0.889940 -0.368219 -0.269112
vn -0.099396 0.732463 -0.673512
usemtl 
s off
f 41//31 42//31 43//31 44//31
f 45//32 48//32 47//32 46//32
f 41//33 45//33 46//33 42//33
f 42//34 46//34 47//34 43//34
f 43//35 47//35 48//35 44//35
f 45//36 41//36 44//36 48//36
o Cube.008_Cube.019
v -1.146648 -1.354203 -1.836273
v -1.146648 -1.428279 -2.271620
v -1.588252 -1.428279 -2.271620
v -1.588252 -1.354203 -1.836273
v -1.146648 -2.935691 -1.567176
v -1.146648 -3.009768 -2.002523
v -1.588252 -3.009768 -2.002522
v -1.588252 -2.935691 -1.567176
vn -0.000000 0.985831 -0.167744
vn 0.000000 -0.985831 0.167743
vn 1.000000 -0.000000 -0.000000
vn -0.000000 -0.167744 -0.985831
vn -1.000000 0.000000 0.000000
vn 0.000000 0.167744 0.985831
usemtl 
s off
f 49//37 50//37 51//37 52//37
f 53//38 56//38 55//38 54//38
f 49//39 53//39 54//39 50//39
f 50//40 54//40 55//40 51//40
f 51//41 55//41 56//41 52//41
f 53//42 49//42 52//42 56//42
o Cube.007_Cube.018
v -1.146648 -1.480235 -1.929413
v -1.146648 -1.886474 -1.756255
v -1.588252 -1.886474 -1.756255
v -1.588252 -1.480235 -1.929413
v -1.146648 -0.851200 -0.453664
v -1.146648 -1.257439 -0.280506
v -1.588252 -1.257439 -0.280506
v -1.588252 -0.851200 -0.453665
vn 0.000000 -0.392113 -0.919917
vn -0.000000 0.392113 0.919917
vn -0.000000 -0.919917 0.392113
vn 0.000000 0.919917 -0.392113
usemtl 
s off
f 57//43 58//43 59//43 60//43
f 61//44 64//44 63//44 62//44
f 57//39 61//39 62//39 58//39
f 58//45 62//45 63//45 59//45
f 59//41 63//41 64//41 60//41
f 61//46 57//46 60//46 64//46
o Cube.006_Cube.017
v -1.146648 -1.217521 -0.666575
v -1.146648 -1.290463 -0.231036
v -1.588252 -1.290463 -0.231036
v -1.588252 -1.217521 -0.666575
v -1.146648 0.364663 -0.401600
v -1.146648 0.291722 0.033938
v -1.588252 0.291722 0.033938
v -1.588252 0.364663 -0.401600
vn 0.000000 -0.986265 -0.165173
vn -0.000000 0.986265 0.165173
vn -0.000000 -0.165173 0.986265
vn 0.000000 0.165173 -0.986265
usemtl 
s off
f 65//47 66//47 67//47 68//47
f 69//48 72//48 71//48 70//48
f 65//39 69//39 70//39 66//39
f 66//49 70//49 71//49 67//49
f 67//41 71//41 72//41 68//41
f 69//50 65//50 68//50 72//50
o Cube.005_Cube.016
v -0.427949 -3.150533 1.468577
v -0.427949 -2.746036 1.327142
v -0.990725 -2.746036 1.327142
v -0.990725 -3.150533 1.468577
v -0.427949 -3.565001 0.283213
v -0.427950 -3.160504 0.141778
v -0.990725 -3.160505 0.141779
v -0.990725 -3.565001 0.283213
vn 0.000000 0.330061 0.943960
vn -0.000000 -0.330061 -0.943960
vn -0.000000 0.943960 -0.330061
vn 0.000000 -0.943960 0.330061
usemtl 
s off
f 73//51 74//51 75//51 76//51
f 77//52 80//52 79//52 78//52
f 73//39 77//39 78//39 74//39
f 74//53 78//53 79//53 75//53
f 75//41 79//41 80//41 76//41
f 77//54 73//54 76//54 80//54
o Cube.004_Cube.015
v -0.448197 -3.038440 0.417054
v -0.448197 -2.922740 0.879148
v -0.970478 -2.922740 0.879148
v -0.970478 -3.038440 0.417054
v -0.448197 -0.799734 -0.143482
v -0.448197 -0.684033 0.318612
v -0.970478 -0.684033 0.318611
v -0.970478 -0.799734 -0.143482
vn -0.000000 -0.970055 0.242886
vn 0.000000 0.970055 -0.242886
vn -0.000000 0.242886 0.970055
vn 0.000000 -0.242886 -0.970055
usemtl 
s off
f 81//55 82//55 83//55 84//55
f 85//56 88//56 87//56 86//56
f 81//39 85//39 86//39 82//39
f 82//57 86//57 87//57 83//57
f 83//41 87//41 88//41 84//41
f 85//58 81//58 84//58 88//58
o Cube.003_Cube.014
v -0.427949 -1.030919 0.191494
v -0.427949 -0.855441 0.582428
v -0.990725 -0.855441 0.582428
v -0.990725 -1.030919 0.191494
v -0.427949 0.114699 -0.322736
v -0.427950 0.290176 0.068198
v -0.990725 0.290176 0.068198
v -0.990725 0.114699 -0.322736
vn -0.000000 -0.912308 0.409505
vn -0.000000 0.912308 -0.409505
vn -0.000000 0.409505 0.912308
vn 0.000000 -0.409505 -0.912308
usemtl 
s off
f 89//59 90//59 91//59 92//59
f 93//60 96//60 95//60 94//60
f 89//39 93//39 94//39 90//39
f 90//61 94//61 95//61 91//61
f 91//41 95//41 96//41 92//41
f 93//62 89//62 92//62 96//62
o Cube.002_Cube.013
v -0.269446 3.019153 -0.735888
v -0.269446 3.019153 0.702803
v -1.708137 3.019153 0.702802
v -1.708137 3.019153 -0.735889
v -0.269445 4.457844 -0.735888
v -0.269446 4.457844 0.702803
v -1.708137 4.457844 0.702802
v -1.708136 4.457844 -0.735889
vn 0.000000 -1.000000 0.000000
vn 0.000000 1.000000 0.000000
vn -0.000000 0.000000 1.000000
vn 0.000000 0.000000 -1.000000
usemtl 
s off
f 97//63 98//63 99//63 100//63
f 101//64 104//64 103//64 102//64
f 97//39 101//39 102//39 98//39
f 98//65 102//65 103//65 99//65
f 99//41 103//41 104//41 100//41
f 101//66 97//66 100//66 104//66
o Cube.001_Cube.012
v -0.763576 2.605407 -0.447929
v -0.763576 2.605407 0.002502
v -1.214007 2.605407 0.002502
v -1.214006 2.605407 -0.447929
v -0.763576 3.084781 -0.447929
v -0.763576 3.084781 0.002502
v -1.214007 3.084781 0.002502
v -1.214006 3.084781 -0.447929
usemtl 
s off
f 105//63 106//63 107//63 108//63
f 109//64 112//64 111//64 110//64
f 105//39 109//39 110//39 106//39
f 106//65 110//65 111//65 107//65
f 107//41 111//41 112//41 108//41
f 109//66 105//66 108//66 112//66
o Cube_Cube.011
v -0.333995 0.041732 -0.946233
v -0.333995 0.041732 0.363359
v -1.643587 0.041732 0.363359
v -1.643587 0.041732 -0.946233
v -0.333995 2.624622 -0.946233
v -0.333995 2.624622 0.363360
v -1.643588 2.624622 0.363359
v -1.643587 2.624622 -0.946233
usemtl 
s off
f 113//63 114//63 115//63 116//63
f 117//64 120//64 119//64 118//64
f 113//39 117//39 118//39 114//39
f 114//65 118//65 119//65 115//65
f 115//41 119//41 120//41 116//41
f 117//66 113//66 116//66 120//66
